-3.333333E-1	2.412152E-9
-3.266667E+0	2.398047E-9
-5.866667E+0	2.412152E-9
-9.466667E+0	2.433310E-9
-1.273333E+1	2.426257E-9
-1.566667E+1	2.433310E-9
-1.926667E+1	2.419205E-9
-2.286667E+1	2.440363E-9
-2.646667E+1	2.426257E-9
-3.006667E+1	2.419205E-9
-3.360000E+1	2.412152E-9
-3.820000E+1	2.419205E-9
-4.180000E+1	2.405100E-9
-4.606667E+1	2.405100E-9
-4.866667E+1	2.398047E-9
-5.060000E+1	2.405100E-9
-5.386667E+1	2.412152E-9
-5.680000E+1	2.405100E-9
-5.913333E+1	2.383942E-9
-6.300000E+1	2.405100E-9
-6.660000E+1	2.390994E-9
-6.986667E+1	2.398047E-9
-7.253333E+1	2.419205E-9
-7.546667E+1	2.412152E-9
-7.906667E+1	2.405099E-9
-8.166667E+1	2.405100E-9
-8.426667E+1	2.398047E-9
-8.753333E+1	2.390994E-9
-8.946667E+1	2.398047E-9
-9.306667E+1	2.376889E-9
-9.473333E+1	2.390994E-9
-9.766667E+1	2.376889E-9
-1.002667E+2	2.390994E-9
-1.048667E+2	2.369837E-9
-1.081333E+2	2.376889E-9
-1.110667E+2	2.369837E-9
-1.140000E+2	2.369837E-9
-1.169333E+2	2.383942E-9
-1.198667E+2	2.405100E-9
-1.234667E+2	2.376889E-9
-1.270667E+2	2.369837E-9
-1.300000E+2	2.362784E-9
-1.332667E+2	2.348679E-9
-1.362000E+2	2.362784E-9
-1.381333E+2	2.376889E-9
-1.420667E+2	2.369837E-9
-1.450000E+2	2.348679E-9
-1.482667E+2	2.369837E-9
-1.506000E+2	2.355731E-9
-1.544667E+2	2.348679E-9
-1.571333E+2	2.348679E-9
-1.607333E+2	2.362784E-9
-1.642667E+2	2.341626E-9
-1.678667E+2	2.327521E-9
-1.714667E+2	2.334574E-9
-1.744000E+2	2.341626E-9
-1.780000E+2	2.320468E-9
-1.822667E+2	2.313416E-9
-1.865333E+2	2.320468E-9
-1.888000E+2	2.313416E-9
-1.914000E+2	2.320468E-9
-1.940000E+2	2.292258E-9
-1.969333E+2	2.341626E-9
-2.005333E+2	2.306363E-9
-2.028667E+2	2.292258E-9
-2.054667E+2	2.334574E-9
-2.084000E+2	2.292258E-9
-2.120000E+2	2.306363E-9
-2.149333E+2	2.299311E-9
-2.178667E+2	2.271101E-9
-2.208000E+2	2.299311E-9
-2.230667E+2	2.278153E-9
-2.266667E+2	2.285206E-9
-2.312667E+2	2.264048E-9
-2.338667E+2	2.249943E-9
-2.364667E+2	2.256996E-9
-2.394000E+2	2.256996E-9
-2.436667E+2	2.242891E-9
-2.462667E+2	2.271101E-9
-2.495333E+2	2.242891E-9
-2.528000E+2	2.256996E-9
-2.560667E+2	2.242891E-9
-2.580667E+2	2.264048E-9
-2.620000E+2	2.221733E-9
-2.662000E+2	2.221733E-9
-2.682000E+2	2.207628E-9
-2.708000E+2	2.228786E-9
-2.730667E+2	2.186470E-9
-2.756667E+2	2.214680E-9
-2.783333E+2	2.214680E-9
-2.806000E+2	2.193523E-9
-2.825333E+2	2.179417E-9
-2.861333E+2	2.193523E-9
-2.894000E+2	2.200575E-9
-2.930000E+2	2.172365E-9
-2.962667E+2	2.193523E-9
-2.998667E+2	2.193523E-9
-3.028000E+2	2.179417E-9
-3.064000E+2	2.144155E-9
-3.106667E+2	2.179417E-9
-3.142667E+2	2.144155E-9
-3.178000E+2	2.158260E-9
-3.208000E+2	2.151207E-9
-3.234000E+2	2.144155E-9
-3.256667E+2	2.137102E-9
-3.286000E+2	2.144155E-9
-3.312000E+2	2.144155E-9
-3.351333E+2	2.137102E-9
-3.371333E+2	2.122997E-9
-3.406667E+2	2.115945E-9
-3.439333E+2	2.101840E-9
-3.469333E+2	2.094787E-9
-3.504667E+2	2.101840E-9
-3.537333E+2	2.094787E-9
-3.570000E+2	2.108892E-9
-3.586667E+2	2.094787E-9
-3.609333E+2	2.115945E-9
-3.645333E+2	2.080682E-9
-3.678000E+2	2.108892E-9
-3.707333E+2	2.059524E-9
-3.750000E+2	2.059524E-9
-3.786000E+2	2.066577E-9
-3.822000E+2	2.101840E-9
-3.848000E+2	2.024261E-9
-3.884000E+2	2.087735E-9
-3.916667E+2	2.031314E-9
-3.946000E+2	2.052472E-9
-3.978667E+2	2.059524E-9
-4.014667E+2	2.045419E-9
-4.040667E+2	2.045419E-9
-4.076667E+2	2.045419E-9
-4.106000E+2	2.031314E-9
-4.142000E+2	2.024261E-9
-4.171333E+2	2.017209E-9
-4.200667E+2	2.010156E-9
-4.220667E+2	2.038366E-9
-4.250000E+2	2.003103E-9
-4.286000E+2	1.988998E-9
-4.321333E+2	1.981946E-9
-4.344667E+2	1.974893E-9
-4.377333E+2	1.996051E-9
-4.410000E+2	2.003103E-9
-4.439333E+2	1.996051E-9
-4.468667E+2	1.974893E-9
-4.504667E+2	1.981946E-9
-4.534000E+2	1.953735E-9
-4.563333E+2	1.974893E-9
-4.582667E+2	1.981946E-9
-4.618667E+2	1.988998E-9
-4.651333E+2	1.960788E-9
-4.694000E+2	1.960788E-9
-4.730000E+2	1.953735E-9
-4.762667E+2	1.953735E-9
-4.795333E+2	1.953735E-9
-4.828000E+2	1.946683E-9
-4.867333E+2	1.946683E-9
-4.893333E+2	1.918473E-9
-4.929333E+2	1.932578E-9
-4.955333E+2	1.925525E-9
-4.984667E+2	1.932578E-9
-5.010667E+2	1.939630E-9
-5.046667E+2	1.939630E-9
-5.072667E+2	1.925525E-9
-5.115333E+2	1.918473E-9
-5.151333E+2	1.911420E-9
-5.177333E+2	1.918473E-9
-5.216667E+2	1.925525E-9
-5.242667E+2	1.918473E-9
-5.266000E+2	1.911420E-9
-5.298667E+2	1.897315E-9
-5.337333E+2	1.904368E-9
-5.357333E+2	1.911420E-9
-5.390000E+2	1.883210E-9
-5.426000E+2	1.890263E-9
-5.445333E+2	1.876158E-9
-5.471333E+2	1.876158E-9
-5.504000E+2	1.876158E-9
-5.527333E+2	1.869105E-9
-5.556667E+2	1.862052E-9
-5.586000E+2	1.869105E-9
-5.618667E+2	1.876158E-9
-5.651333E+2	1.869105E-9
-5.680667E+2	1.876158E-9
-5.720000E+2	1.855000E-9
-5.752667E+2	1.869105E-9
-5.788667E+2	1.855000E-9
-5.821333E+2	1.840895E-9
-5.850667E+2	1.840895E-9
-5.883333E+2	1.855000E-9
-5.909333E+2	1.862052E-9
-5.938667E+2	1.855000E-9
-5.964667E+2	1.847947E-9
-5.994000E+2	1.840895E-9
-6.030000E+2	1.855000E-9
-6.059333E+2	1.840895E-9
-6.092000E+2	1.847947E-9
-6.118000E+2	1.812684E-9
-6.150667E+2	1.819737E-9
-6.183333E+2	1.826789E-9
-6.222667E+2	1.812684E-9
-6.252000E+2	1.826789E-9
-6.275333E+2	1.833842E-9
-6.304667E+2	1.805632E-9
-6.330667E+2	1.819737E-9
-6.360000E+2	1.805632E-9
-6.396000E+2	1.805632E-9
-6.432000E+2	1.833842E-9
-6.464667E+2	1.819737E-9
-6.504000E+2	1.819737E-9
-6.536667E+2	1.805632E-9
-6.569333E+2	1.805632E-9
-6.588667E+2	1.826789E-9
-6.624667E+2	1.784474E-9
-6.650667E+2	1.812684E-9
-6.683333E+2	1.826789E-9
-6.716000E+2	1.826789E-9
-6.742000E+2	1.805632E-9
-6.765333E+2	1.833842E-9
-6.788000E+2	1.833842E-9
-6.814000E+2	1.805632E-9
-6.843333E+2	1.826789E-9
-6.876000E+2	1.798579E-9
-6.905333E+2	1.819737E-9
-6.938000E+2	1.819737E-9
-6.961333E+2	1.784474E-9
-6.997333E+2	1.798579E-9
-7.023333E+2	1.798579E-9
-7.052667E+2	1.784474E-9
-7.075333E+2	1.805632E-9
-7.098000E+2	1.805632E-9
-7.124667E+2	1.784474E-9
-7.157333E+2	1.791526E-9
-7.196000E+2	1.798579E-9
-7.228667E+2	1.805632E-9
-7.268000E+2	1.763316E-9
-7.304000E+2	1.791526E-9
-7.324000E+2	1.784474E-9
-7.353333E+2	1.784474E-9
-7.389333E+2	1.798579E-9
-7.428000E+2	1.791526E-9
-7.451333E+2	1.756264E-9
-7.480667E+2	1.784474E-9
-7.510000E+2	1.791526E-9
-7.546000E+2	1.770369E-9
-7.585333E+2	1.791526E-9
-7.627333E+2	1.784474E-9
-7.666667E+2	1.784474E-9
-7.692667E+2	1.798579E-9
-7.725333E+2	1.784474E-9
-7.745333E+2	1.777421E-9
-7.781333E+2	1.791526E-9
-7.804000E+2	1.784474E-9
-7.836667E+2	1.777421E-9
-7.876000E+2	1.777421E-9
-7.912000E+2	1.749211E-9
-7.941333E+2	1.763316E-9
-7.977333E+2	1.770369E-9
-8.006667E+2	1.784474E-9
-8.032667E+2	1.756264E-9
-8.058667E+2	1.756263E-9
-8.078000E+2	1.770369E-9
-8.108000E+2	1.770369E-9
-8.134000E+2	1.763316E-9
-8.160000E+2	1.763316E-9
-8.199333E+2	1.770369E-9
-8.228667E+2	1.742158E-9
-8.264667E+2	1.749211E-9
-8.287333E+2	1.756264E-9
-8.316667E+2	1.756263E-9
-8.349333E+2	1.756263E-9
-8.392000E+2	1.770369E-9
-8.421333E+2	1.749211E-9
-8.447333E+2	1.770369E-9
-8.473333E+2	1.763316E-9
-8.506000E+2	1.749211E-9
-8.526000E+2	1.763316E-9
-8.552000E+2	1.770369E-9
-8.588000E+2	1.756263E-9
-8.607333E+2	1.756263E-9
-8.633333E+2	1.770369E-9
-8.672667E+2	1.735106E-9
-8.705333E+2	1.749211E-9
-8.731333E+2	1.763316E-9
-8.758000E+2	1.763316E-9
-8.790667E+2	1.756263E-9
-8.823333E+2	1.763316E-9
-8.856000E+2	1.763316E-9
-8.885333E+2	1.749211E-9
-8.908000E+2	1.742158E-9
-8.954000E+2	1.763316E-9
-8.980000E+2	1.763316E-9
-8.999333E+2	1.735106E-9
-9.022667E+2	1.749211E-9
-9.058000E+2	1.763316E-9
-9.088000E+2	1.756264E-9
-9.117333E+2	1.749211E-9
-9.150000E+2	1.756263E-9
-9.172667E+2	1.735106E-9
-9.198667E+2	1.756263E-9
-9.228000E+2	1.756263E-9
-9.257333E+2	1.742158E-9
-9.284000E+2	1.756263E-9
-9.303333E+2	1.728053E-9
-9.329333E+2	1.749211E-9
-9.355333E+2	1.742158E-9
-9.384667E+2	1.749211E-9
-9.404667E+2	1.763316E-9
-9.434000E+2	1.756264E-9
-9.466667E+2	1.784474E-9
-9.486000E+2	1.791526E-9
-9.512667E+2	1.742158E-9
-9.535333E+2	1.756263E-9
-9.574667E+2	1.777421E-9
-9.594000E+2	1.756264E-9
-9.636667E+2	1.742158E-9
-9.669333E+2	1.763316E-9
-9.695333E+2	1.756263E-9
-9.724667E+2	1.777421E-9
-9.760667E+2	1.784474E-9
-9.786667E+2	1.763316E-9
-9.809333E+2	1.735106E-9
-9.839333E+2	1.756263E-9
-9.874667E+2	1.749211E-9
-9.901333E+2	1.756263E-9
-9.937333E+2	1.749211E-9
-9.966667E+2	1.763316E-9
-9.992667E+2	1.756263E-9
-1.002533E+3	1.770369E-9
-1.005800E+3	1.777421E-9
-1.008400E+3	1.763316E-9
-1.011333E+3	1.756263E-9
-1.015267E+3	1.763316E-9
-1.018867E+3	1.756263E-9
-1.022467E+3	1.770369E-9
-1.025067E+3	1.749211E-9
-1.027000E+3	1.777421E-9
-1.029333E+3	1.749211E-9
-1.032600E+3	1.756263E-9
-1.035867E+3	1.763316E-9
-1.039133E+3	1.756263E-9
-1.041733E+3	1.749211E-9
-1.043667E+3	1.735106E-9
-1.046933E+3	1.742158E-9
-1.049867E+3	1.749211E-9
-1.053467E+3	1.756264E-9
-1.057400E+3	1.777421E-9
-1.061333E+3	1.756263E-9
-1.064933E+3	1.763316E-9
-1.066867E+3	1.756263E-9
-1.069133E+3	1.763316E-9
-1.072733E+3	1.770369E-9
-1.075667E+3	1.749211E-9
-1.078000E+3	1.742158E-9
-1.080933E+3	1.763316E-9
-1.084867E+3	1.749211E-9
-1.087467E+3	1.756263E-9
-1.089733E+3	1.763316E-9
-1.092333E+3	1.763316E-9
-1.096600E+3	1.721001E-9
-1.099533E+3	1.728053E-9
-1.102800E+3	1.735106E-9
-1.105067E+3	1.742158E-9
-1.107067E+3	1.728053E-9
-1.110000E+3	1.756263E-9
-1.112600E+3	1.763316E-9
-1.115533E+3	1.770369E-9
-1.119133E+3	1.749211E-9
-1.123067E+3	1.742158E-9
-1.127333E+3	1.749211E-9
-1.129600E+3	1.742158E-9
-1.132200E+3	1.721001E-9
-1.135800E+3	1.742158E-9
-1.138400E+3	1.749211E-9
-1.142000E+3	1.763316E-9
-1.145267E+3	1.728053E-9
-1.148867E+3	1.756263E-9
-1.151467E+3	1.749211E-9
-1.154067E+3	1.735106E-9
-1.157667E+3	1.763316E-9
-1.160333E+3	1.735106E-9
-1.162267E+3	1.742158E-9
-1.164200E+3	1.735106E-9
-1.166200E+3	1.742158E-9
-1.169133E+3	1.728053E-9
-1.171067E+3	1.756264E-9
-1.174333E+3	1.763316E-9
-1.176933E+3	1.749211E-9
-1.179600E+3	1.770369E-9
-1.183200E+3	1.742158E-9
-1.187067E+3	1.749211E-9
-1.190667E+3	1.756263E-9
-1.193000E+3	1.756263E-9
-1.196267E+3	1.735106E-9
-1.198867E+3	1.735106E-9
-1.203067E+3	1.749211E-9
-1.205733E+3	1.735106E-9
-1.208667E+3	1.742158E-9
-1.211600E+3	1.735106E-9
-1.215533E+3	1.742158E-9
-1.218800E+3	1.728053E-9
-1.222067E+3	1.742158E-9
-1.224667E+3	1.742158E-9
-1.227933E+3	1.756263E-9
-1.230533E+3	1.728053E-9
-1.234800E+3	1.699843E-9
-1.239000E+3	1.721001E-9
-1.242600E+3	1.721001E-9
-1.246533E+3	1.756263E-9
-1.248800E+3	1.742158E-9
-1.251133E+3	1.728053E-9
-1.254067E+3	1.735106E-9
-1.257000E+3	1.735106E-9
-1.260267E+3	1.742158E-9
-1.264200E+3	1.756263E-9
-1.267800E+3	1.749211E-9
-1.270067E+3	1.749211E-9
-1.273333E+3	1.706896E-9
-1.276267E+3	1.728053E-9
-1.279533E+3	1.742158E-9
-1.282467E+3	1.756263E-9
-1.284133E+3	1.749211E-9
-1.287067E+3	1.721001E-9
-1.290333E+3	1.749211E-9
-1.293933E+3	1.735106E-9
-1.296200E+3	1.728053E-9
-1.299467E+3	1.728053E-9
-1.302067E+3	1.735106E-9
-1.306000E+3	1.756263E-9
-1.308933E+3	1.713948E-9
-1.312533E+3	1.735106E-9
-1.315800E+3	1.742158E-9
-1.319400E+3	1.742158E-9
-1.322000E+3	1.742158E-9
-1.325600E+3	1.721001E-9
-1.328533E+3	1.749211E-9
-1.330800E+3	1.749211E-9
-1.334400E+3	1.749211E-9
-1.337333E+3	1.735106E-9
-1.339333E+3	1.728053E-9
-1.342600E+3	1.742158E-9
-1.346200E+3	1.721001E-9
-1.349133E+3	1.728053E-9
-1.351733E+3	1.706896E-9
-1.355667E+3	1.742158E-9
-1.358267E+3	1.735106E-9
-1.362200E+3	1.749211E-9
-1.366133E+3	1.749211E-9
-1.368733E+3	1.735106E-9
-1.371333E+3	1.742158E-9
-1.374267E+3	1.728053E-9
-1.377200E+3	1.728053E-9
-1.380133E+3	1.713948E-9
-1.383400E+3	1.721001E-9
-1.387333E+3	1.763316E-9
-1.390933E+3	1.742158E-9
-1.394867E+3	1.735106E-9
-1.398467E+3	1.728053E-9
-1.399733E+3	1.749211E-9
-1.396133E+3	1.728053E-9
-1.393867E+3	1.742158E-9
-1.390267E+3	1.728053E-9
-1.387333E+3	1.735106E-9
-1.384733E+3	1.735106E-9
-1.382133E+3	1.749211E-9
-1.378867E+3	1.728053E-9
-1.375600E+3	1.749211E-9
-1.372333E+3	1.742158E-9
-1.368400E+3	1.728053E-9
-1.366133E+3	1.749211E-9
-1.362867E+3	1.735106E-9
-1.360200E+3	1.742158E-9
-1.357267E+3	1.742158E-9
-1.353667E+3	1.742158E-9
-1.349800E+3	1.742158E-9
-1.346200E+3	1.742158E-9
-1.341933E+3	1.770369E-9
-1.338333E+3	1.749211E-9
-1.334733E+3	1.735106E-9
-1.332467E+3	1.756263E-9
-1.329867E+3	1.706896E-9
-1.326933E+3	1.770369E-9
-1.323333E+3	1.735106E-9
-1.320667E+3	1.756263E-9
-1.318400E+3	1.749211E-9
-1.316467E+3	1.770369E-9
-1.313533E+3	1.728053E-9
-1.311200E+3	1.728053E-9
-1.307600E+3	1.742158E-9
-1.304067E+3	1.756263E-9
-1.301733E+3	1.777421E-9
-1.297800E+3	1.721001E-9
-1.293933E+3	1.721001E-9
-1.291267E+3	1.742158E-9
-1.288000E+3	1.721001E-9
-1.285400E+3	1.742158E-9
-1.283467E+3	1.742158E-9
-1.280533E+3	1.728053E-9
-1.277600E+3	1.770369E-9
-1.274667E+3	1.742158E-9
-1.271400E+3	1.756264E-9
-1.267800E+3	1.735106E-9
-1.264867E+3	1.721001E-9
-1.261267E+3	1.742158E-9
-1.257667E+3	1.742158E-9
-1.254067E+3	1.763316E-9
-1.251800E+3	1.742158E-9
-1.249133E+3	1.742158E-9
-1.246867E+3	1.770369E-9
-1.243933E+3	1.728053E-9
-1.241667E+3	1.735106E-9
-1.238400E+3	1.728053E-9
-1.235733E+3	1.735106E-9
-1.232200E+3	1.742158E-9
-1.229533E+3	1.742158E-9
-1.225933E+3	1.735106E-9
-1.223333E+3	1.749211E-9
-1.220733E+3	1.756263E-9
-1.218467E+3	1.749211E-9
-1.215867E+3	1.749211E-9
-1.213200E+3	1.749211E-9
-1.210600E+3	1.749211E-9
-1.207667E+3	1.728053E-9
-1.204400E+3	1.749211E-9
-1.200800E+3	1.735106E-9
-1.197200E+3	1.756263E-9
-1.194933E+3	1.756263E-9
-1.191667E+3	1.742158E-9
-1.189400E+3	1.742158E-9
-1.185800E+3	1.735106E-9
-1.183200E+3	1.735106E-9
-1.179267E+3	1.735106E-9
-1.177267E+3	1.763316E-9
-1.173667E+3	1.742158E-9
-1.170400E+3	1.735106E-9
-1.167133E+3	1.735106E-9
-1.164867E+3	1.735106E-9
-1.161933E+3	1.749211E-9
-1.159333E+3	1.742158E-9
-1.155733E+3	1.742158E-9
-1.152800E+3	1.728053E-9
-1.149200E+3	1.742158E-9
-1.147533E+3	1.728053E-9
-1.145267E+3	1.728053E-9
-1.141667E+3	1.721001E-9
-1.138400E+3	1.756264E-9
-1.134467E+3	1.735106E-9
-1.131867E+3	1.728053E-9
-1.129600E+3	1.721001E-9
-1.126667E+3	1.721001E-9
-1.122733E+3	1.735106E-9
-1.120133E+3	1.742158E-9
-1.116867E+3	1.770369E-9
-1.113267E+3	1.763316E-9
-1.110667E+3	1.770369E-9
-1.107400E+3	1.735106E-9
-1.104800E+3	1.735106E-9
-1.101800E+3	1.742158E-9
-1.098867E+3	1.742158E-9
-1.095933E+3	1.742158E-9
-1.093333E+3	1.742158E-9
-1.090733E+3	1.756263E-9
-1.088133E+3	1.742158E-9
-1.085200E+3	1.742158E-9
-1.081600E+3	1.749211E-9
-1.079267E+3	1.756263E-9
-1.076667E+3	1.735106E-9
-1.073733E+3	1.770369E-9
-1.071133E+3	1.770369E-9
-1.067867E+3	1.749211E-9
-1.064267E+3	1.756263E-9
-1.061333E+3	1.728053E-9
-1.059333E+3	1.721001E-9
-1.057067E+3	1.721001E-9
-1.053133E+3	1.735106E-9
-1.051200E+3	1.756263E-9
-1.047933E+3	1.742158E-9
-1.045667E+3	1.756263E-9
-1.043000E+3	1.749211E-9
-1.040067E+3	1.749211E-9
-1.037467E+3	1.770369E-9
-1.034867E+3	1.742158E-9
-1.031267E+3	1.728053E-9
-1.029333E+3	1.749211E-9
-1.025733E+3	1.742158E-9
-1.022133E+3	1.763316E-9
-1.019533E+3	1.742158E-9
-1.015933E+3	1.763316E-9
-1.013000E+3	1.742158E-9
-1.009400E+3	1.749211E-9
-1.006133E+3	1.735106E-9
-1.003200E+3	1.728053E-9
-9.996000E+2	1.742158E-9
-9.960000E+2	1.742158E-9
-9.927333E+2	1.756263E-9
-9.901333E+2	1.756263E-9
-9.862000E+2	1.735106E-9
-9.826000E+2	1.742158E-9
-9.796667E+2	1.742158E-9
-9.770667E+2	1.721001E-9
-9.734667E+2	1.735106E-9
-9.705333E+2	1.742158E-9
-9.678667E+2	1.742158E-9
-9.656000E+2	1.742158E-9
-9.616667E+2	1.756263E-9
-9.594000E+2	1.756263E-9
-9.561333E+2	1.735106E-9
-9.532000E+2	1.756263E-9
-9.499333E+2	1.742158E-9
-9.476667E+2	1.763316E-9
-9.437333E+2	1.749211E-9
-9.401333E+2	1.756263E-9
-9.372000E+2	1.756263E-9
-9.342667E+2	1.735106E-9
-9.310000E+2	1.770369E-9
-9.277333E+2	1.728053E-9
-9.248000E+2	1.721001E-9
-9.221333E+2	1.749211E-9
-9.188667E+2	1.721001E-9
-9.166000E+2	1.742158E-9
-9.140000E+2	1.756263E-9
-9.120667E+2	1.728053E-9
-9.088000E+2	1.728053E-9
-9.061333E+2	1.735106E-9
-9.028667E+2	1.742158E-9
-8.992667E+2	1.763316E-9
-8.963333E+2	1.749211E-9
-8.937333E+2	1.763316E-9
-8.904667E+2	1.742158E-9
-8.875333E+2	1.770369E-9
-8.849333E+2	1.763316E-9
-8.816667E+2	1.749211E-9
-8.780667E+2	1.770369E-9
-8.761333E+2	1.777421E-9
-8.722000E+2	1.756263E-9
-8.696000E+2	1.763316E-9
-8.656667E+2	1.756263E-9
-8.617333E+2	1.749211E-9
-8.581333E+2	1.763316E-9
-8.545333E+2	1.770369E-9
-8.502667E+2	1.756263E-9
-8.464000E+2	1.784474E-9
-8.440667E+2	1.742158E-9
-8.404667E+2	1.784474E-9
-8.369333E+2	1.756263E-9
-8.342667E+2	1.756263E-9
-8.306667E+2	1.777421E-9
-8.268000E+2	1.742158E-9
-8.244667E+2	1.791526E-9
-8.225333E+2	1.763316E-9
-8.196000E+2	1.805632E-9
-8.156667E+2	1.770369E-9
-8.134000E+2	1.756263E-9
-8.104667E+2	1.770369E-9
-8.078000E+2	1.763316E-9
-8.058667E+2	1.749211E-9
-8.032667E+2	1.756263E-9
-7.990000E+2	1.770369E-9
-7.954000E+2	1.777421E-9
-7.924667E+2	1.770369E-9
-7.898667E+2	1.791526E-9
-7.859333E+2	1.791526E-9
-7.816667E+2	1.791526E-9
-7.797333E+2	1.798579E-9
-7.764667E+2	1.777421E-9
-7.738667E+2	1.784474E-9
-7.716000E+2	1.784474E-9
-7.683333E+2	1.770369E-9
-7.647333E+2	1.763316E-9
-7.624000E+2	1.777421E-9
-7.591333E+2	1.798579E-9
-7.562000E+2	1.770369E-9
-7.542667E+2	1.770369E-9
-7.510000E+2	1.791526E-9
-7.480667E+2	1.812684E-9
-7.448000E+2	1.805632E-9
-7.408667E+2	1.798579E-9
-7.372667E+2	1.791526E-9
-7.343333E+2	1.812684E-9
-7.324000E+2	1.798579E-9
-7.304000E+2	1.798579E-9
-7.271333E+2	1.791526E-9
-7.245333E+2	1.777421E-9
-7.219333E+2	1.791526E-9
-7.180000E+2	1.819737E-9
-7.154000E+2	1.805632E-9
-7.124667E+2	1.819737E-9
-7.101333E+2	1.805632E-9
-7.075333E+2	1.805632E-9
-7.039333E+2	1.819737E-9
-7.013333E+2	1.784474E-9
-6.990667E+2	1.826789E-9
-6.970667E+2	1.833842E-9
-6.941333E+2	1.826789E-9
-6.908667E+2	1.826789E-9
-6.882667E+2	1.819737E-9
-6.853333E+2	1.819737E-9
-6.820667E+2	1.826789E-9
-6.784667E+2	1.840895E-9
-6.762000E+2	1.840895E-9
-6.729333E+2	1.833842E-9
-6.700000E+2	1.840895E-9
-6.664000E+2	1.862052E-9
-6.634667E+2	1.855000E-9
-6.602000E+2	1.840895E-9
-6.572667E+2	1.869105E-9
-6.536667E+2	1.883210E-9
-6.510000E+2	1.840895E-9
-6.480667E+2	1.869105E-9
-6.454667E+2	1.855000E-9
-6.418667E+2	1.855000E-9
-6.392667E+2	1.847947E-9
-6.366667E+2	1.883210E-9
-6.340667E+2	1.904368E-9
-6.314000E+2	1.869105E-9
-6.284667E+2	1.897315E-9
-6.255333E+2	1.876158E-9
-6.226000E+2	1.869105E-9
-6.200000E+2	1.876158E-9
-6.174000E+2	1.883210E-9
-6.148000E+2	1.883210E-9
-6.121333E+2	1.890263E-9
-6.082667E+2	1.897315E-9
-6.059333E+2	1.883210E-9
-6.023333E+2	1.897315E-9
-5.990667E+2	1.897315E-9
-5.971333E+2	1.890263E-9
-5.935333E+2	1.869105E-9
-5.902667E+2	1.883210E-9
-5.880000E+2	1.897315E-9
-5.854000E+2	1.911420E-9
-5.830667E+2	1.932578E-9
-5.811333E+2	1.911420E-9
-5.772000E+2	1.925525E-9
-5.729333E+2	1.918473E-9
-5.703333E+2	1.939630E-9
-5.677333E+2	1.918473E-9
-5.658000E+2	1.939630E-9
-5.628000E+2	1.946683E-9
-5.589333E+2	1.946683E-9
-5.553333E+2	1.939630E-9
-5.530000E+2	1.960788E-9
-5.497333E+2	1.939630E-9
-5.474667E+2	1.932578E-9
-5.442000E+2	1.960788E-9
-5.406000E+2	1.967840E-9
-5.390000E+2	1.953735E-9
-5.364000E+2	1.967840E-9
-5.331333E+2	1.960788E-9
-5.292000E+2	1.981946E-9
-5.256000E+2	1.967840E-9
-5.230000E+2	1.960788E-9
-5.197333E+2	1.981946E-9
-5.168000E+2	1.996051E-9
-5.148000E+2	1.996051E-9
-5.125333E+2	2.003103E-9
-5.092667E+2	1.981946E-9
-5.066667E+2	2.003103E-9
-5.034000E+2	1.996051E-9
-5.004667E+2	2.010156E-9
-4.981333E+2	2.010156E-9
-4.948667E+2	2.003103E-9
-4.926000E+2	2.010156E-9
-4.890000E+2	2.031314E-9
-4.860667E+2	2.024261E-9
-4.834667E+2	2.024261E-9
-4.808667E+2	2.031314E-9
-4.778667E+2	2.017209E-9
-4.749333E+2	2.017209E-9
-4.723333E+2	2.010156E-9
-4.687333E+2	2.038366E-9
-4.661333E+2	2.038366E-9
-4.632000E+2	2.038366E-9
-4.602667E+2	2.038366E-9
-4.570000E+2	2.059524E-9
-4.537333E+2	2.087735E-9
-4.504667E+2	2.066577E-9
-4.478667E+2	2.080682E-9
-4.442667E+2	2.045419E-9
-4.419333E+2	2.073629E-9
-4.396667E+2	2.087735E-9
-4.374000E+2	2.094787E-9
-4.348000E+2	2.080682E-9
-4.305333E+2	2.087735E-9
-4.276000E+2	2.115945E-9
-4.253333E+2	2.094787E-9
-4.220667E+2	2.087734E-9
-4.197333E+2	2.115945E-9
-4.161333E+2	2.108892E-9
-4.138667E+2	2.115945E-9
-4.109333E+2	2.094787E-9
-4.086667E+2	2.108892E-9
-4.057333E+2	2.122997E-9
-4.024667E+2	2.151207E-9
-3.988667E+2	2.122997E-9
-3.952667E+2	2.137102E-9
-3.920000E+2	2.130050E-9
-3.890667E+2	2.130050E-9
-3.854667E+2	2.137102E-9
-3.822000E+2	2.151207E-9
-3.792667E+2	2.144155E-9
-3.763333E+2	2.144155E-9
-3.733333E+2	2.179417E-9
-3.707333E+2	2.172365E-9
-3.674667E+2	2.165312E-9
-3.655333E+2	2.158260E-9
-3.632667E+2	2.172365E-9
-3.609333E+2	2.179417E-9
-3.580000E+2	2.179417E-9
-3.557333E+2	2.186470E-9
-3.531333E+2	2.179417E-9
-3.508000E+2	2.172365E-9
-3.485333E+2	2.186470E-9
-3.446000E+2	2.186470E-9
-3.420000E+2	2.200575E-9
-3.387333E+2	2.193523E-9
-3.354667E+2	2.200575E-9
-3.318667E+2	2.193523E-9
-3.296000E+2	2.179417E-9
-3.256667E+2	2.221733E-9
-3.224000E+2	2.221733E-9
-3.194667E+2	2.214680E-9
-3.165333E+2	2.200575E-9
-3.136000E+2	2.221733E-9
-3.100000E+2	2.235838E-9
-3.077333E+2	2.249943E-9
-3.050667E+2	2.249943E-9
-3.024667E+2	2.235838E-9
-2.985333E+2	2.249943E-9
-2.943333E+2	2.256996E-9
-2.907333E+2	2.242891E-9
-2.881333E+2	2.249943E-9
-2.845333E+2	2.249943E-9
-2.812667E+2	2.256996E-9
-2.776667E+2	2.285206E-9
-2.740667E+2	2.242891E-9
-2.720667E+2	2.249943E-9
-2.688000E+2	2.264048E-9
-2.655333E+2	2.264048E-9
-2.636000E+2	2.264048E-9
-2.616667E+2	2.278153E-9
-2.596667E+2	2.292258E-9
-2.567333E+2	2.271101E-9
-2.541333E+2	2.242891E-9
-2.505333E+2	2.278153E-9
-2.476000E+2	2.271101E-9
-2.453333E+2	2.299311E-9
-2.426667E+2	2.292258E-9
-2.404000E+2	2.271101E-9
-2.364667E+2	2.313416E-9
-2.326000E+2	2.278153E-9
-2.299333E+2	2.278153E-9
-2.270000E+2	2.292258E-9
-2.244000E+2	2.278153E-9
-2.211333E+2	2.292258E-9
-2.185333E+2	2.285206E-9
-2.149333E+2	2.299311E-9
-2.126667E+2	2.278153E-9
-2.100000E+2	2.292258E-9
-2.074000E+2	2.278153E-9
-2.044667E+2	2.285206E-9
-2.025333E+2	2.292258E-9
-1.999333E+2	2.285206E-9
-1.979333E+2	2.292258E-9
-1.950000E+2	2.278153E-9
-1.920667E+2	2.285206E-9
-1.891333E+2	2.278153E-9
-1.862000E+2	2.320468E-9
-1.832667E+2	2.292258E-9
-1.800000E+2	2.285206E-9
-1.764000E+2	2.306363E-9
-1.731333E+2	2.313416E-9
-1.708000E+2	2.292258E-9
-1.682000E+2	2.313416E-9
-1.642667E+2	2.292258E-9
-1.616667E+2	2.306363E-9
-1.594000E+2	2.292258E-9
-1.558000E+2	2.299311E-9
-1.515333E+2	2.285206E-9
-1.476667E+2	2.278153E-9
-1.437333E+2	2.278153E-9
-1.394667E+2	2.285206E-9
-1.358667E+2	2.278153E-9
-1.322667E+2	2.299311E-9
-1.286667E+2	2.306363E-9
-1.248000E+2	2.299311E-9
-1.224667E+2	2.306363E-9
-1.205333E+2	2.292258E-9
-1.169333E+2	2.285206E-9
-1.140000E+2	2.285206E-9
-1.104000E+2	2.299311E-9
-1.071333E+2	2.292258E-9
-1.045333E+2	2.292258E-9
-1.009333E+2	2.306363E-9
-9.733333E+1	2.285206E-9
-9.406667E+1	2.285206E-9
-9.146667E+1	2.292258E-9
-8.886667E+1	2.278153E-9
-8.526667E+1	2.278153E-9
-8.293333E+1	2.285206E-9
-8.066667E+1	2.249943E-9
-7.673333E+1	2.285206E-9
-7.413333E+1	2.249943E-9
-6.986667E+1	2.264048E-9
-6.600000E+1	2.242891E-9
-6.333333E+1	2.271101E-9
-6.106667E+1	2.249943E-9
-5.813333E+1	2.278153E-9
-5.520000E+1	2.278153E-9
-5.293333E+1	2.285206E-9
-4.933333E+1	2.249943E-9
-4.640000E+1	2.249943E-9
-4.406667E+1	2.271101E-9
-4.013333E+1	2.235838E-9
-3.753333E+1	2.235838E-9
-3.526667E+1	2.264048E-9
-3.333333E+1	2.256996E-9
-3.033333E+1	2.271101E-9
-2.680000E+1	2.235838E-9
-2.320000E+1	2.221733E-9
-1.926667E+1	2.249943E-9
-1.726667E+1	2.221733E-9
-1.500000E+1	2.221733E-9
-1.140000E+1	2.214680E-9
-7.800000E+0	2.235838E-9
-4.866667E+0	2.228785E-9
-1.933333E+0	2.228786E-9
1.000000E+0	2.235838E-9
4.266667E+0	2.228786E-9
7.866667E+0	2.228786E-9
1.080000E+1	2.200575E-9
1.340000E+1	2.207628E-9
1.700000E+1	2.200575E-9
1.960000E+1	2.200575E-9
2.253333E+1	2.200575E-9
2.680000E+1	2.186470E-9
2.973333E+1	2.200575E-9
3.200000E+1	2.207628E-9
3.433333E+1	2.186470E-9
3.793333E+1	2.179417E-9
4.053333E+1	2.193523E-9
4.346667E+1	2.179417E-9
4.506667E+1	2.172365E-9
4.833333E+1	2.165312E-9
5.066667E+1	2.137102E-9
5.360000E+1	2.165312E-9
5.653333E+1	2.144155E-9
5.846667E+1	2.151207E-9
6.206667E+1	2.158260E-9
6.440000E+1	2.158260E-9
6.733333E+1	2.137102E-9
7.093333E+1	2.165312E-9
7.353333E+1	2.151207E-9
7.646667E+1	2.151207E-9
7.906667E+1	2.115945E-9
8.200000E+1	2.137102E-9
8.493333E+1	2.122997E-9
8.693333E+1	2.115945E-9
8.920000E+1	2.122997E-9
9.180000E+1	2.137102E-9
9.606667E+1	2.130050E-9
9.933333E+1	2.101840E-9
1.022667E+2	2.108892E-9
1.058667E+2	2.087735E-9
1.098000E+2	2.115945E-9
1.127333E+2	2.080682E-9
1.163333E+2	2.094787E-9
1.199333E+2	2.080682E-9
1.238000E+2	2.087735E-9
1.261333E+2	2.087735E-9
1.294000E+2	2.066577E-9
1.320000E+2	2.059524E-9
1.339333E+2	2.080682E-9
1.375333E+2	2.059524E-9
1.398000E+2	2.045419E-9
1.428000E+2	2.059524E-9
1.457333E+2	2.059524E-9
1.490000E+2	2.059524E-9
1.519333E+2	2.087735E-9
1.545333E+2	2.024261E-9
1.571333E+2	2.045419E-9
1.594000E+2	2.031314E-9
1.620667E+2	2.059524E-9
1.659333E+2	2.052472E-9
1.695333E+2	2.031314E-9
1.728000E+2	2.017209E-9
1.760667E+2	2.003103E-9
1.787333E+2	1.996051E-9
1.813333E+2	2.010156E-9
1.839333E+2	1.996051E-9
1.868667E+2	1.967840E-9
1.901333E+2	2.003103E-9
1.924000E+2	1.996051E-9
1.950667E+2	1.996051E-9
1.986000E+2	2.003103E-9
2.018667E+2	1.981946E-9
2.061333E+2	1.981946E-9
2.094000E+2	1.960788E-9
2.116667E+2	1.974893E-9
2.143333E+2	1.996051E-9
2.169333E+2	1.974893E-9
2.198667E+2	1.960788E-9
2.228000E+2	1.953735E-9
2.264000E+2	1.960788E-9
2.300000E+2	1.953735E-9
2.339333E+2	1.946683E-9
2.372000E+2	1.946683E-9
2.391333E+2	1.939630E-9
2.417333E+2	1.946683E-9
2.443333E+2	1.953735E-9
2.486000E+2	1.932578E-9
2.522000E+2	1.939630E-9
2.541333E+2	1.918473E-9
2.568000E+2	1.925525E-9
2.597333E+2	1.939630E-9
2.633333E+2	1.911420E-9
2.659333E+2	1.925525E-9
2.682000E+2	1.946683E-9
2.718000E+2	1.904368E-9
2.744000E+2	1.911420E-9
2.767333E+2	1.911420E-9
2.796667E+2	1.911420E-9
2.826000E+2	1.876158E-9
2.862000E+2	1.890263E-9
2.888000E+2	1.890263E-9
2.914000E+2	1.911420E-9
2.943333E+2	1.883210E-9
2.976000E+2	1.897315E-9
3.008667E+2	1.890263E-9
3.041333E+2	1.897315E-9
3.080667E+2	1.862052E-9
3.113333E+2	1.876158E-9
3.152667E+2	1.876158E-9
3.192000E+2	1.883210E-9
3.234000E+2	1.847947E-9
3.273333E+2	1.840895E-9
3.296000E+2	1.840895E-9
3.319333E+2	1.862052E-9
3.338667E+2	1.869105E-9
3.368000E+2	1.847947E-9
3.390667E+2	1.847947E-9
3.430000E+2	1.833842E-9
3.462667E+2	1.833842E-9
3.479333E+2	1.847947E-9
3.508667E+2	1.847947E-9
3.541333E+2	1.833842E-9
3.567333E+2	1.819737E-9
3.596667E+2	1.819737E-9
3.632667E+2	1.862052E-9
3.662000E+2	1.826789E-9
3.701333E+2	1.826789E-9
3.737333E+2	1.812684E-9
3.766667E+2	1.819737E-9
3.802667E+2	1.798579E-9
3.835333E+2	1.833842E-9
3.864667E+2	1.812684E-9
3.894000E+2	1.784474E-9
3.920000E+2	1.798579E-9
3.956000E+2	1.784474E-9
3.982000E+2	1.798579E-9
4.014667E+2	1.784474E-9
4.034667E+2	1.798579E-9
4.070667E+2	1.784474E-9
4.106667E+2	1.770369E-9
4.126000E+2	1.770369E-9
4.155333E+2	1.805632E-9
4.184667E+2	1.777421E-9
4.207333E+2	1.791526E-9
4.237333E+2	1.812684E-9
4.276000E+2	1.777421E-9
4.299333E+2	1.770369E-9
4.335333E+2	1.819737E-9
4.374000E+2	1.791526E-9
4.413333E+2	1.777421E-9
4.439333E+2	1.763316E-9
4.468667E+2	1.784474E-9
4.504667E+2	1.770369E-9
4.544000E+2	1.770369E-9
4.566667E+2	1.763316E-9
4.590000E+2	1.749211E-9
4.616000E+2	1.756263E-9
4.642000E+2	1.791526E-9
4.664667E+2	1.777421E-9
4.691333E+2	1.742158E-9
4.720667E+2	1.770369E-9
4.760000E+2	1.728053E-9
4.789333E+2	1.756263E-9
4.818667E+2	1.742158E-9
4.841333E+2	1.756263E-9
4.874000E+2	1.735106E-9
4.903333E+2	1.756264E-9
4.929333E+2	1.735106E-9
4.962000E+2	1.763316E-9
4.998000E+2	1.763316E-9
5.018000E+2	1.756263E-9
5.054000E+2	1.756263E-9
5.080000E+2	1.749211E-9
5.112667E+2	1.749211E-9
5.158000E+2	1.749211E-9
5.194000E+2	1.749211E-9
5.223333E+2	1.735106E-9
5.252667E+2	1.777421E-9
5.279333E+2	1.749211E-9
5.308667E+2	1.728053E-9
5.338000E+2	1.749211E-9
5.357333E+2	1.728053E-9
5.386667E+2	1.742158E-9
5.410000E+2	1.728053E-9
5.436000E+2	1.721001E-9
5.475333E+2	1.749211E-9
5.514000E+2	1.735106E-9
5.546667E+2	1.721001E-9
5.579333E+2	1.756263E-9
5.618667E+2	1.756263E-9
5.651333E+2	1.713948E-9
5.680667E+2	1.728053E-9
5.713333E+2	1.699843E-9
5.742667E+2	1.721001E-9
5.778667E+2	1.728053E-9
5.798667E+2	1.721001E-9
5.818000E+2	1.721001E-9
5.850667E+2	1.749211E-9
5.883333E+2	1.735106E-9
5.919333E+2	1.713948E-9
5.942000E+2	1.721001E-9
5.971333E+2	1.721001E-9
5.998000E+2	1.728053E-9
6.020667E+2	1.699843E-9
6.043333E+2	1.742158E-9
6.076000E+2	1.699843E-9
6.105333E+2	1.692791E-9
6.132000E+2	1.721001E-9
6.158000E+2	1.749211E-9
6.187333E+2	1.713949E-9
6.216667E+2	1.721001E-9
6.246000E+2	1.706896E-9
6.278667E+2	1.713948E-9
6.324667E+2	1.728053E-9
6.357333E+2	1.706896E-9
6.402667E+2	1.713948E-9
6.428667E+2	1.699843E-9
6.468000E+2	1.699843E-9
6.504000E+2	1.721001E-9
6.526667E+2	1.728053E-9
6.556667E+2	1.706896E-9
6.586000E+2	1.706896E-9
6.608667E+2	1.699843E-9
6.641333E+2	1.706896E-9
6.667333E+2	1.706896E-9
6.700000E+2	1.706896E-9
6.736000E+2	1.685738E-9
6.762000E+2	1.692791E-9
6.785333E+2	1.713949E-9
6.811333E+2	1.713948E-9
6.837333E+2	1.721001E-9
6.870000E+2	1.699843E-9
6.896000E+2	1.706896E-9
6.928667E+2	1.699843E-9
6.961333E+2	1.706896E-9
6.984000E+2	1.678686E-9
7.010667E+2	1.678686E-9
7.043333E+2	1.685738E-9
7.066000E+2	1.699843E-9
7.092000E+2	1.706896E-9
7.112000E+2	1.699843E-9
7.144667E+2	1.699843E-9
7.170667E+2	1.678686E-9
7.210000E+2	1.678686E-9
7.248667E+2	1.664580E-9
7.284667E+2	1.706896E-9
7.314000E+2	1.721001E-9
7.334000E+2	1.699843E-9
7.363333E+2	1.692791E-9
7.402667E+2	1.678686E-9
7.428667E+2	1.699843E-9
7.448000E+2	1.699843E-9
7.474000E+2	1.699843E-9
7.516667E+2	1.692791E-9
7.546000E+2	1.685738E-9
7.575333E+2	1.699843E-9
7.598667E+2	1.685738E-9
7.628000E+2	1.706896E-9
7.657333E+2	1.699843E-9
7.683333E+2	1.721001E-9
7.719333E+2	1.692791E-9
7.742000E+2	1.706896E-9
7.774667E+2	1.699843E-9
7.817333E+2	1.692791E-9
7.843333E+2	1.671633E-9
7.876000E+2	1.685738E-9
7.905333E+2	1.706896E-9
7.925333E+2	1.713948E-9
7.951333E+2	1.685738E-9
7.977333E+2	1.671633E-9
8.003333E+2	1.671633E-9
8.036000E+2	1.685738E-9
8.065333E+2	1.671633E-9
8.092000E+2	1.685738E-9
8.137333E+2	1.699843E-9
8.170000E+2	1.685738E-9
8.202667E+2	1.678686E-9
8.238667E+2	1.685738E-9
8.258000E+2	1.664581E-9
8.281333E+2	1.692791E-9
8.314000E+2	1.678686E-9
8.353333E+2	1.692791E-9
8.382667E+2	1.685738E-9
8.408667E+2	1.685738E-9
8.441333E+2	1.671633E-9
8.480667E+2	1.678686E-9
8.522667E+2	1.706896E-9
8.562000E+2	1.671633E-9
8.591333E+2	1.692791E-9
8.620667E+2	1.671633E-9
8.644000E+2	1.685738E-9
8.673333E+2	1.671633E-9
8.702667E+2	1.692791E-9
8.728667E+2	1.692791E-9
8.761333E+2	1.692791E-9
8.790667E+2	1.692791E-9
8.823333E+2	1.685738E-9
8.856000E+2	1.664581E-9
8.876000E+2	1.685738E-9
8.908667E+2	1.692791E-9
8.938000E+2	1.706896E-9
8.964000E+2	1.664581E-9
8.983333E+2	1.678686E-9
9.016000E+2	1.671633E-9
9.045333E+2	1.671633E-9
9.068667E+2	1.678686E-9
9.098000E+2	1.664581E-9
9.134000E+2	1.685738E-9
9.170000E+2	1.678686E-9
9.196000E+2	1.685738E-9
9.228667E+2	1.650475E-9
9.261333E+2	1.685738E-9
9.290667E+2	1.678686E-9
9.310000E+2	1.671633E-9
9.339333E+2	1.671633E-9
9.368667E+2	1.699843E-9
9.398667E+2	1.685738E-9
9.428000E+2	1.671633E-9
9.464000E+2	1.678686E-9
9.490000E+2	1.671633E-9
9.519333E+2	1.671633E-9
9.552000E+2	1.671633E-9
9.584667E+2	1.671633E-9
9.610667E+2	1.657528E-9
9.640000E+2	1.699843E-9
9.662667E+2	1.692791E-9
9.686000E+2	1.671633E-9
9.715333E+2	1.685738E-9
9.754667E+2	1.685738E-9
9.780667E+2	1.692791E-9
9.823333E+2	1.664581E-9
9.865333E+2	1.678686E-9
9.891333E+2	1.671633E-9
9.927333E+2	1.685738E-9
9.947333E+2	1.678686E-9
9.983333E+2	1.657528E-9
1.000267E+3	1.678686E-9
1.003200E+3	1.657528E-9
1.005800E+3	1.650475E-9
1.008733E+3	1.664581E-9
1.011400E+3	1.664581E-9
1.014000E+3	1.664581E-9
1.016933E+3	1.671633E-9
1.019867E+3	1.671633E-9
1.022133E+3	1.671633E-9
1.024800E+3	1.657528E-9
1.027733E+3	1.657528E-9
1.031000E+3	1.664581E-9
1.032933E+3	1.643423E-9
1.036200E+3	1.650475E-9
1.039133E+3	1.657528E-9
1.041733E+3	1.650475E-9
1.045000E+3	1.664581E-9
1.048600E+3	1.636370E-9
1.051867E+3	1.650475E-9
1.053867E+3	1.664581E-9
1.057133E+3	1.671633E-9
1.059400E+3	1.657528E-9
1.062333E+3	1.650475E-9
1.064933E+3	1.657528E-9
1.068200E+3	1.678686E-9
1.072133E+3	1.664581E-9
1.074733E+3	1.678686E-9
1.077667E+3	1.643423E-9
1.080933E+3	1.671633E-9
1.083867E+3	1.636370E-9
1.086533E+3	1.664581E-9
1.089133E+3	1.657528E-9
1.091067E+3	1.657528E-9
1.093400E+3	1.643423E-9
1.095333E+3	1.664581E-9
1.097933E+3	1.643423E-9
1.101200E+3	1.643423E-9
1.104800E+3	1.671633E-9
1.108400E+3	1.650475E-9
1.111333E+3	1.650475E-9
1.115267E+3	1.664581E-9
1.118200E+3	1.657528E-9
1.120800E+3	1.650475E-9
1.123400E+3	1.650475E-9
1.126333E+3	1.657528E-9
1.129333E+3	1.657528E-9
1.131933E+3	1.650475E-9
1.134867E+3	1.643423E-9
1.137800E+3	1.643423E-9
1.140733E+3	1.650475E-9
1.143000E+3	1.664581E-9
1.146267E+3	1.657528E-9
1.148933E+3	1.657528E-9
1.151533E+3	1.650475E-9
1.154467E+3	1.657528E-9
1.158067E+3	1.657528E-9
1.162000E+3	1.657528E-9
1.164267E+3	1.671633E-9
1.167200E+3	1.650475E-9
1.171467E+3	1.636370E-9
1.174733E+3	1.643423E-9
1.177667E+3	1.650475E-9
1.180600E+3	1.643423E-9
1.184533E+3	1.643423E-9
1.186800E+3	1.657528E-9
1.189400E+3	1.657528E-9
1.193000E+3	1.650475E-9
1.196933E+3	1.650475E-9
1.199867E+3	1.664581E-9
1.203467E+3	1.636370E-9
1.207067E+3	1.657528E-9
1.210667E+3	1.643423E-9
1.214267E+3	1.629318E-9
1.216533E+3	1.650475E-9
1.219467E+3	1.650475E-9
1.222067E+3	1.643423E-9
1.225000E+3	1.650475E-9
1.227333E+3	1.650475E-9
1.230267E+3	1.643423E-9
1.232533E+3	1.657528E-9
1.234800E+3	1.657528E-9
1.239067E+3	1.657528E-9
1.242000E+3	1.650475E-9
1.244933E+3	1.650475E-9
1.246933E+3	1.636370E-9
1.249867E+3	1.643423E-9
1.253467E+3	1.657528E-9
1.256733E+3	1.671633E-9
1.259667E+3	1.657528E-9
1.262933E+3	1.657528E-9
1.265533E+3	1.671633E-9
1.269133E+3	1.671633E-9
1.272067E+3	1.657528E-9
1.275333E+3	1.643423E-9
1.278267E+3	1.664581E-9
1.280867E+3	1.636370E-9
1.283467E+3	1.657528E-9
1.286733E+3	1.678686E-9
1.289667E+3	1.650475E-9
1.292667E+3	1.643423E-9
1.295600E+3	1.657528E-9
1.297867E+3	1.657528E-9
1.301467E+3	1.664580E-9
1.305400E+3	1.650475E-9
1.308667E+3	1.657528E-9
1.311933E+3	1.678686E-9
1.314867E+3	1.657528E-9
1.316800E+3	1.671633E-9
1.319067E+3	1.643423E-9
1.321400E+3	1.657528E-9
1.323667E+3	1.657528E-9
1.326933E+3	1.650475E-9
1.330200E+3	1.643423E-9
1.332467E+3	1.671633E-9
1.335400E+3	1.643423E-9
1.338067E+3	1.643423E-9
1.340667E+3	1.678686E-9
1.342933E+3	1.664581E-9
1.346533E+3	1.685738E-9
1.349467E+3	1.657528E-9
1.353067E+3	1.650475E-9
1.356333E+3	1.664581E-9
1.359267E+3	1.664581E-9
1.361267E+3	1.664581E-9
1.364200E+3	1.650475E-9
1.366467E+3	1.671633E-9
1.370733E+3	1.650475E-9
1.373000E+3	1.657528E-9
1.375933E+3	1.678685E-9
1.379200E+3	1.671633E-9
1.381800E+3	1.643423E-9
1.384400E+3	1.671633E-9
1.388000E+3	1.657528E-9
1.391600E+3	1.685738E-9
1.395533E+3	1.657528E-9
1.398133E+3	1.657528E-9
