-3.333333E-1	2.221733E-9
-3.266667E+0	2.235838E-9
-5.533333E+0	2.242891E-9
-8.466667E+0	2.256996E-9
-1.206667E+1	2.235838E-9
-1.500000E+1	2.228785E-9
-1.793333E+1	2.242891E-9
-2.026667E+1	2.235838E-9
-2.413333E+1	2.264048E-9
-2.740000E+1	2.264048E-9
-3.033333E+1	2.228786E-9
-3.300000E+1	2.271101E-9
-3.593333E+1	2.256996E-9
-3.986667E+1	2.228785E-9
-4.340000E+1	2.264048E-9
-4.733333E+1	2.256996E-9
-5.026667E+1	2.264048E-9
-5.420000E+1	2.256996E-9
-5.680000E+1	2.278153E-9
-5.973333E+1	2.264048E-9
-6.333333E+1	2.271101E-9
-6.693333E+1	2.264048E-9
-6.986667E+1	2.249943E-9
-7.280000E+1	2.264048E-9
-7.513333E+1	2.264048E-9
-7.906667E+1	2.249943E-9
-8.166667E+1	2.256996E-9
-8.493333E+1	2.235838E-9
-8.720000E+1	2.271101E-9
-8.946667E+1	2.242891E-9
-9.213333E+1	2.256996E-9
-9.440000E+1	2.264048E-9
-9.633333E+1	2.256996E-9
-9.866667E+1	2.256996E-9
-1.012667E+2	2.264048E-9
-1.058000E+2	2.242891E-9
-1.100667E+2	2.235838E-9
-1.123333E+2	2.249943E-9
-1.156000E+2	2.256996E-9
-1.185333E+2	2.249943E-9
-1.208667E+2	2.235838E-9
-1.241333E+2	2.228786E-9
-1.277333E+2	2.228786E-9
-1.316000E+2	2.235838E-9
-1.346000E+2	2.228786E-9
-1.381333E+2	2.235838E-9
-1.417333E+2	2.207628E-9
-1.437333E+2	2.221733E-9
-1.463333E+2	2.228786E-9
-1.496000E+2	2.235838E-9
-1.532000E+2	2.221733E-9
-1.558000E+2	2.207628E-9
-1.594000E+2	2.214680E-9
-1.620000E+2	2.207628E-9
-1.652667E+2	2.193523E-9
-1.682000E+2	2.207628E-9
-1.708000E+2	2.207628E-9
-1.747333E+2	2.193523E-9
-1.776667E+2	2.207628E-9
-1.803333E+2	2.193523E-9
-1.838667E+2	2.186470E-9
-1.874667E+2	2.200575E-9
-1.910667E+2	2.179417E-9
-1.943333E+2	2.186470E-9
-1.982667E+2	2.165312E-9
-2.012000E+2	2.165312E-9
-2.038000E+2	2.179417E-9
-2.064667E+2	2.172365E-9
-2.094000E+2	2.144155E-9
-2.123333E+2	2.165312E-9
-2.162667E+2	2.151207E-9
-2.188667E+2	2.144155E-9
-2.230667E+2	2.151207E-9
-2.266667E+2	2.122997E-9
-2.299333E+2	2.137102E-9
-2.326000E+2	2.122997E-9
-2.355333E+2	2.137102E-9
-2.378000E+2	2.137102E-9
-2.404000E+2	2.130050E-9
-2.426667E+2	2.108892E-9
-2.453333E+2	2.101840E-9
-2.482667E+2	2.101840E-9
-2.522000E+2	2.122997E-9
-2.551333E+2	2.101840E-9
-2.587333E+2	2.094787E-9
-2.622667E+2	2.080682E-9
-2.655333E+2	2.094787E-9
-2.682000E+2	2.066577E-9
-2.720667E+2	2.052472E-9
-2.744000E+2	2.073629E-9
-2.780000E+2	2.066577E-9
-2.816000E+2	2.052472E-9
-2.845333E+2	2.045419E-9
-2.881333E+2	2.059524E-9
-2.910667E+2	2.052472E-9
-2.940000E+2	2.052472E-9
-2.966000E+2	2.038366E-9
-3.002000E+2	2.031314E-9
-3.038000E+2	2.024261E-9
-3.077333E+2	2.017209E-9
-3.106667E+2	1.981946E-9
-3.132667E+2	2.024261E-9
-3.162000E+2	2.010156E-9
-3.191333E+2	2.010156E-9
-3.220667E+2	2.010156E-9
-3.253333E+2	2.010156E-9
-3.286000E+2	2.010156E-9
-3.312000E+2	1.988998E-9
-3.332000E+2	1.981946E-9
-3.361333E+2	1.960788E-9
-3.384000E+2	1.996051E-9
-3.413333E+2	1.974893E-9
-3.449333E+2	1.953735E-9
-3.482000E+2	1.946683E-9
-3.508000E+2	1.967840E-9
-3.540667E+2	1.953735E-9
-3.573333E+2	1.967840E-9
-3.609333E+2	1.960788E-9
-3.635333E+2	1.960788E-9
-3.668000E+2	1.953735E-9
-3.700667E+2	1.960788E-9
-3.740000E+2	1.939630E-9
-3.779333E+2	1.911420E-9
-3.805333E+2	1.918473E-9
-3.834667E+2	1.918473E-9
-3.864000E+2	1.918473E-9
-3.896667E+2	1.918473E-9
-3.923333E+2	1.911420E-9
-3.946000E+2	1.918473E-9
-3.965333E+2	1.911420E-9
-3.985333E+2	1.897315E-9
-4.011333E+2	1.918473E-9
-4.047333E+2	1.897315E-9
-4.083333E+2	1.890263E-9
-4.122667E+2	1.876158E-9
-4.155333E+2	1.904368E-9
-4.174667E+2	1.890263E-9
-4.200667E+2	1.876158E-9
-4.236667E+2	1.883210E-9
-4.259333E+2	1.890263E-9
-4.282667E+2	1.876158E-9
-4.308667E+2	1.883210E-9
-4.338000E+2	1.883210E-9
-4.360667E+2	1.862052E-9
-4.400000E+2	1.883210E-9
-4.439333E+2	1.855000E-9
-4.475333E+2	1.840895E-9
-4.514667E+2	1.812684E-9
-4.553333E+2	1.826789E-9
-4.576667E+2	1.826789E-9
-4.612667E+2	1.805632E-9
-4.645333E+2	1.833842E-9
-4.680667E+2	1.819737E-9
-4.707333E+2	1.805632E-9
-4.740000E+2	1.819737E-9
-4.769333E+2	1.784474E-9
-4.811333E+2	1.812684E-9
-4.834667E+2	1.777421E-9
-4.867333E+2	1.805632E-9
-4.893333E+2	1.784474E-9
-4.929333E+2	1.770369E-9
-4.952000E+2	1.777421E-9
-4.981333E+2	1.770369E-9
-5.007333E+2	1.791526E-9
-5.037333E+2	1.777421E-9
-5.079333E+2	1.784474E-9
-5.118667E+2	1.756263E-9
-5.151333E+2	1.756263E-9
-5.184000E+2	1.749211E-9
-5.210000E+2	1.728053E-9
-5.239333E+2	1.756263E-9
-5.262667E+2	1.763316E-9
-5.298667E+2	1.749211E-9
-5.324667E+2	1.749211E-9
-5.350667E+2	1.777421E-9
-5.376667E+2	1.756263E-9
-5.402667E+2	1.749211E-9
-5.432000E+2	1.756263E-9
-5.471333E+2	1.721001E-9
-5.497333E+2	1.735106E-9
-5.527333E+2	1.721001E-9
-5.553333E+2	1.763316E-9
-5.576000E+2	1.756263E-9
-5.605333E+2	1.721001E-9
-5.631333E+2	1.749211E-9
-5.670667E+2	1.721001E-9
-5.710000E+2	1.699843E-9
-5.736000E+2	1.721001E-9
-5.775333E+2	1.713948E-9
-5.804667E+2	1.721001E-9
-5.830667E+2	1.699843E-9
-5.870000E+2	1.735106E-9
-5.899333E+2	1.728053E-9
-5.925333E+2	1.721001E-9
-5.964667E+2	1.728053E-9
-5.990667E+2	1.685738E-9
-6.026667E+2	1.692791E-9
-6.056000E+2	1.685738E-9
-6.079333E+2	1.678686E-9
-6.105333E+2	1.699843E-9
-6.141333E+2	1.713948E-9
-6.177333E+2	1.692791E-9
-6.203333E+2	1.678686E-9
-6.232667E+2	1.706896E-9
-6.258667E+2	1.692791E-9
-6.288000E+2	1.692791E-9
-6.311333E+2	1.699843E-9
-6.344000E+2	1.664581E-9
-6.379333E+2	1.685738E-9
-6.412000E+2	1.706896E-9
-6.435333E+2	1.692791E-9
-6.468000E+2	1.699843E-9
-6.500667E+2	1.706896E-9
-6.536667E+2	1.685738E-9
-6.566000E+2	1.664581E-9
-6.605333E+2	1.706896E-9
-6.634667E+2	1.685738E-9
-6.657333E+2	1.664581E-9
-6.693333E+2	1.699843E-9
-6.712667E+2	1.678686E-9
-6.748667E+2	1.678686E-9
-6.771333E+2	1.706896E-9
-6.801333E+2	1.685738E-9
-6.827333E+2	1.678686E-9
-6.853333E+2	1.657528E-9
-6.886000E+2	1.664581E-9
-6.925333E+2	1.685738E-9
-6.961333E+2	1.678686E-9
-6.997333E+2	1.685738E-9
-7.030000E+2	1.685738E-9
-7.059333E+2	1.692791E-9
-7.078667E+2	1.685738E-9
-7.118000E+2	1.685738E-9
-7.157333E+2	1.671633E-9
-7.196000E+2	1.685738E-9
-7.228667E+2	1.664581E-9
-7.264667E+2	1.678686E-9
-7.294000E+2	1.678686E-9
-7.330000E+2	1.671633E-9
-7.350000E+2	1.678686E-9
-7.376000E+2	1.657528E-9
-7.398667E+2	1.657528E-9
-7.434667E+2	1.692791E-9
-7.470667E+2	1.664581E-9
-7.506667E+2	1.678686E-9
-7.532667E+2	1.657528E-9
-7.565333E+2	1.650475E-9
-7.591333E+2	1.664581E-9
-7.614667E+2	1.657528E-9
-7.650667E+2	1.643423E-9
-7.680000E+2	1.664581E-9
-7.709333E+2	1.650475E-9
-7.742000E+2	1.636370E-9
-7.771333E+2	1.657528E-9
-7.797333E+2	1.664581E-9
-7.820000E+2	1.664581E-9
-7.846667E+2	1.664581E-9
-7.882000E+2	1.664581E-9
-7.912000E+2	1.657528E-9
-7.941333E+2	1.657528E-9
-7.967333E+2	1.650475E-9
-7.993333E+2	1.650475E-9
-8.022667E+2	1.650475E-9
-8.042667E+2	1.650475E-9
-8.072000E+2	1.650475E-9
-8.098000E+2	1.657528E-9
-8.127333E+2	1.671633E-9
-8.156667E+2	1.643423E-9
-8.186000E+2	1.657528E-9
-8.212000E+2	1.636370E-9
-8.241333E+2	1.636370E-9
-8.268000E+2	1.650475E-9
-8.300667E+2	1.636370E-9
-8.323333E+2	1.657528E-9
-8.359333E+2	1.636370E-9
-8.395333E+2	1.671633E-9
-8.431333E+2	1.650475E-9
-8.457333E+2	1.636370E-9
-8.490000E+2	1.650475E-9
-8.519333E+2	1.657528E-9
-8.552000E+2	1.657528E-9
-8.571333E+2	1.643423E-9
-8.594667E+2	1.664581E-9
-8.627333E+2	1.657528E-9
-8.646667E+2	1.636370E-9
-8.676000E+2	1.671633E-9
-8.708667E+2	1.671633E-9
-8.731333E+2	1.643423E-9
-8.754667E+2	1.643423E-9
-8.796667E+2	1.650475E-9
-8.826667E+2	1.650475E-9
-8.856000E+2	1.636370E-9
-8.882000E+2	1.650475E-9
-8.908000E+2	1.622265E-9
-8.934000E+2	1.629318E-9
-8.963333E+2	1.650475E-9
-8.986667E+2	1.643423E-9
-9.019333E+2	1.643423E-9
-9.055333E+2	1.643423E-9
-9.084667E+2	1.650475E-9
-9.117333E+2	1.664581E-9
-9.156000E+2	1.636370E-9
-9.176000E+2	1.664581E-9
-9.208667E+2	1.629318E-9
-9.251333E+2	1.643423E-9
-9.286667E+2	1.650475E-9
-9.313333E+2	1.650475E-9
-9.346000E+2	1.622265E-9
-9.375333E+2	1.650475E-9
-9.398000E+2	1.643423E-9
-9.430667E+2	1.643423E-9
-9.456667E+2	1.664581E-9
-9.476667E+2	1.636370E-9
-9.515333E+2	1.643423E-9
-9.554667E+2	1.650475E-9
-9.584000E+2	1.636370E-9
-9.604000E+2	1.643423E-9
-9.643333E+2	1.636370E-9
-9.672667E+2	1.650475E-9
-9.705333E+2	1.636370E-9
-9.738000E+2	1.650475E-9
-9.764000E+2	1.657528E-9
-9.790000E+2	1.636370E-9
-9.812667E+2	1.636370E-9
-9.845333E+2	1.664581E-9
-9.872000E+2	1.664581E-9
-9.904667E+2	1.643423E-9
-9.943333E+2	1.643423E-9
-9.972667E+2	1.636370E-9
-1.000867E+3	1.643423E-9
-1.003533E+3	1.636370E-9
-1.006467E+3	1.622265E-9
-1.009067E+3	1.629318E-9
-1.013000E+3	1.650475E-9
-1.016267E+3	1.650475E-9
-1.018200E+3	1.650475E-9
-1.020800E+3	1.650475E-9
-1.024400E+3	1.629318E-9
-1.027000E+3	1.650475E-9
-1.029933E+3	1.650475E-9
-1.031933E+3	1.650475E-9
-1.034200E+3	1.650475E-9
-1.036200E+3	1.636370E-9
-1.039467E+3	1.636370E-9
-1.042400E+3	1.629318E-9
-1.045667E+3	1.650475E-9
-1.048600E+3	1.643423E-9
-1.052533E+3	1.622265E-9
-1.054467E+3	1.650475E-9
-1.057400E+3	1.643423E-9
-1.061667E+3	1.636370E-9
-1.064933E+3	1.650475E-9
-1.068533E+3	1.650475E-9
-1.072400E+3	1.629318E-9
-1.075067E+3	1.657528E-9
-1.078667E+3	1.657528E-9
-1.080933E+3	1.636370E-9
-1.083867E+3	1.643423E-9
-1.086467E+3	1.636370E-9
-1.090733E+3	1.643423E-9
-1.093333E+3	1.657528E-9
-1.096600E+3	1.664581E-9
-1.099867E+3	1.629318E-9
-1.103467E+3	1.657528E-9
-1.106400E+3	1.650475E-9
-1.109667E+3	1.650475E-9
-1.113267E+3	1.657528E-9
-1.117533E+3	1.622265E-9
-1.120800E+3	1.636370E-9
-1.124400E+3	1.650475E-9
-1.127933E+3	1.636370E-9
-1.130267E+3	1.636370E-9
-1.133867E+3	1.650475E-9
-1.137467E+3	1.622265E-9
-1.141000E+3	1.643423E-9
-1.144000E+3	1.657528E-9
-1.147533E+3	1.650475E-9
-1.149867E+3	1.636370E-9
-1.153800E+3	1.629318E-9
-1.157333E+3	1.636370E-9
-1.159333E+3	1.636370E-9
-1.161933E+3	1.643423E-9
-1.164533E+3	1.636370E-9
-1.166533E+3	1.636370E-9
-1.170133E+3	1.643423E-9
-1.172733E+3	1.643423E-9
-1.175000E+3	1.657528E-9
-1.177600E+3	1.643423E-9
-1.180867E+3	1.629318E-9
-1.184800E+3	1.643423E-9
-1.188400E+3	1.636370E-9
-1.191000E+3	1.636370E-9
-1.194600E+3	1.636370E-9
-1.197867E+3	1.636370E-9
-1.201800E+3	1.636370E-9
-1.204733E+3	1.636370E-9
-1.207000E+3	1.636370E-9
-1.209000E+3	1.650475E-9
-1.211267E+3	1.664580E-9
-1.215200E+3	1.629318E-9
-1.219400E+3	1.643423E-9
-1.222667E+3	1.664581E-9
-1.225933E+3	1.629318E-9
-1.227933E+3	1.643423E-9
-1.231533E+3	1.643423E-9
-1.234467E+3	1.643423E-9
-1.236733E+3	1.629318E-9
-1.239667E+3	1.629318E-9
-1.242933E+3	1.622265E-9
-1.245267E+3	1.650475E-9
-1.248200E+3	1.643423E-9
-1.250467E+3	1.636370E-9
-1.253400E+3	1.643423E-9
-1.255333E+3	1.629318E-9
-1.258000E+3	1.636370E-9
-1.260933E+3	1.657528E-9
-1.264867E+3	1.643423E-9
-1.268733E+3	1.643423E-9
-1.272000E+3	1.636370E-9
-1.275600E+3	1.657528E-9
-1.279200E+3	1.636370E-9
-1.282467E+3	1.636370E-9
-1.285400E+3	1.643423E-9
-1.288333E+3	1.629318E-9
-1.291600E+3	1.629318E-9
-1.294267E+3	1.650475E-9
-1.297200E+3	1.629318E-9
-1.300467E+3	1.636370E-9
-1.303400E+3	1.636370E-9
-1.307000E+3	1.650475E-9
-1.309267E+3	1.650475E-9
-1.311867E+3	1.657528E-9
-1.315467E+3	1.622265E-9
-1.318067E+3	1.657528E-9
-1.321333E+3	1.643423E-9
-1.323333E+3	1.622265E-9
-1.325933E+3	1.636370E-9
-1.328533E+3	1.650475E-9
-1.331467E+3	1.622265E-9
-1.333733E+3	1.636370E-9
-1.337333E+3	1.657528E-9
-1.340933E+3	1.643423E-9
-1.343867E+3	1.657528E-9
-1.346533E+3	1.664581E-9
-1.350067E+3	1.664581E-9
-1.352067E+3	1.685738E-9
-1.355667E+3	1.671633E-9
-1.359267E+3	1.650475E-9
-1.362533E+3	1.671633E-9
-1.365133E+3	1.671633E-9
-1.368733E+3	1.657528E-9
-1.371667E+3	1.636370E-9
-1.374600E+3	1.643423E-9
-1.378200E+3	1.657528E-9
-1.381800E+3	1.650475E-9
-1.385067E+3	1.650475E-9
-1.387333E+3	1.664581E-9
-1.389933E+3	1.629318E-9
-1.392867E+3	1.650475E-9
-1.396133E+3	1.657528E-9
-1.399400E+3	1.636370E-9
-1.399733E+3	1.650475E-9
-1.397133E+3	1.671633E-9
-1.395200E+3	1.643423E-9
-1.391267E+3	1.650475E-9
-1.389267E+3	1.643423E-9
-1.386333E+3	1.657528E-9
-1.383733E+3	1.657528E-9
-1.380800E+3	1.636370E-9
-1.377200E+3	1.650475E-9
-1.372933E+3	1.643423E-9
-1.369067E+3	1.636370E-9
-1.366733E+3	1.643423E-9
-1.364133E+3	1.650475E-9
-1.361533E+3	1.643423E-9
-1.358933E+3	1.671633E-9
-1.355333E+3	1.657528E-9
-1.352400E+3	1.664581E-9
-1.350067E+3	1.650475E-9
-1.346533E+3	1.671633E-9
-1.343533E+3	1.643423E-9
-1.340600E+3	1.664580E-9
-1.338000E+3	1.657528E-9
-1.335400E+3	1.664581E-9
-1.333133E+3	1.664581E-9
-1.330467E+3	1.650475E-9
-1.328200E+3	1.629318E-9
-1.325933E+3	1.650475E-9
-1.324267E+3	1.636370E-9
-1.322333E+3	1.643423E-9
-1.319067E+3	1.643423E-9
-1.315467E+3	1.643423E-9
-1.311867E+3	1.636370E-9
-1.308267E+3	1.664581E-9
-1.304667E+3	1.643423E-9
-1.301733E+3	1.636370E-9
-1.298133E+3	1.615212E-9
-1.295200E+3	1.629318E-9
-1.292600E+3	1.636370E-9
-1.290000E+3	1.636370E-9
-1.286400E+3	1.629318E-9
-1.282467E+3	1.636370E-9
-1.280200E+3	1.636370E-9
-1.277600E+3	1.629318E-9
-1.274667E+3	1.636370E-9
-1.271400E+3	1.622265E-9
-1.268733E+3	1.636370E-9
-1.266467E+3	1.622265E-9
-1.264533E+3	1.629318E-9
-1.260933E+3	1.636370E-9
-1.258333E+3	1.636370E-9
-1.255333E+3	1.622265E-9
-1.251467E+3	1.636370E-9
-1.249133E+3	1.657528E-9
-1.245867E+3	1.622265E-9
-1.241667E+3	1.643423E-9
-1.239000E+3	1.636370E-9
-1.235467E+3	1.622265E-9
-1.232200E+3	1.643423E-9
-1.229200E+3	1.622265E-9
-1.227267E+3	1.622265E-9
-1.224333E+3	1.636370E-9
-1.222067E+3	1.629318E-9
-1.219133E+3	1.643423E-9
-1.215867E+3	1.643423E-9
-1.212267E+3	1.629318E-9
-1.209600E+3	1.636370E-9
-1.206067E+3	1.622265E-9
-1.203733E+3	1.608160E-9
-1.200133E+3	1.636370E-9
-1.197200E+3	1.601107E-9
-1.194267E+3	1.636370E-9
-1.190667E+3	1.664581E-9
-1.187067E+3	1.636370E-9
-1.183467E+3	1.650475E-9
-1.179933E+3	1.636370E-9
-1.176000E+3	1.650475E-9
-1.172733E+3	1.636370E-9
-1.170133E+3	1.636370E-9
-1.167133E+3	1.650475E-9
-1.163600E+3	1.636370E-9
-1.160333E+3	1.650475E-9
-1.156733E+3	1.622265E-9
-1.152800E+3	1.643423E-9
-1.148867E+3	1.615212E-9
-1.144933E+3	1.650475E-9
-1.140733E+3	1.664581E-9
-1.136800E+3	1.650475E-9
-1.133867E+3	1.650475E-9
-1.131200E+3	1.636370E-9
-1.128933E+3	1.643423E-9
-1.125000E+3	1.629318E-9
-1.122067E+3	1.643423E-9
-1.118800E+3	1.643423E-9
-1.115867E+3	1.629318E-9
-1.113600E+3	1.615212E-9
-1.111000E+3	1.622265E-9
-1.106067E+3	1.643423E-9
-1.102467E+3	1.643423E-9
-1.099533E+3	1.622265E-9
-1.095933E+3	1.650475E-9
-1.092667E+3	1.629318E-9
-1.089733E+3	1.608160E-9
-1.085800E+3	1.643423E-9
-1.083200E+3	1.636370E-9
-1.080267E+3	1.664581E-9
-1.076333E+3	1.636370E-9
-1.072400E+3	1.650475E-9
-1.068200E+3	1.643423E-9
-1.066200E+3	1.643423E-9
-1.062933E+3	1.636370E-9
-1.060667E+3	1.636370E-9
-1.057400E+3	1.622265E-9
-1.053133E+3	1.643423E-9
-1.049533E+3	1.636370E-9
-1.046600E+3	1.622265E-9
-1.043333E+3	1.622265E-9
-1.040400E+3	1.629318E-9
-1.038467E+3	1.643423E-9
-1.035533E+3	1.636370E-9
-1.033533E+3	1.657528E-9
-1.029933E+3	1.636370E-9
-1.027000E+3	1.622265E-9
-1.024400E+3	1.636370E-9
-1.021800E+3	1.657528E-9
-1.018533E+3	1.629318E-9
-1.016267E+3	1.629318E-9
-1.012333E+3	1.643423E-9
-1.008400E+3	1.629318E-9
-1.005800E+3	1.622265E-9
-1.003800E+3	1.629318E-9
-9.999333E+2	1.650475E-9
-9.963333E+2	1.622265E-9
-9.930667E+2	1.636370E-9
-9.891333E+2	1.636370E-9
-9.865333E+2	1.650475E-9
-9.832667E+2	1.643423E-9
-9.803333E+2	1.615212E-9
-9.774000E+2	1.650475E-9
-9.741333E+2	1.643423E-9
-9.714667E+2	1.608160E-9
-9.688667E+2	1.650475E-9
-9.659333E+2	1.650475E-9
-9.630000E+2	1.643423E-9
-9.600667E+2	1.622265E-9
-9.571333E+2	1.636370E-9
-9.535333E+2	1.643423E-9
-9.506000E+2	1.657528E-9
-9.470000E+2	1.629318E-9
-9.434000E+2	1.629318E-9
-9.401333E+2	1.608160E-9
-9.362000E+2	1.650475E-9
-9.322667E+2	1.636370E-9
-9.286667E+2	1.650475E-9
-9.257333E+2	1.629318E-9
-9.231333E+2	1.671633E-9
-9.186000E+2	1.657528E-9
-9.146667E+2	1.650475E-9
-9.114000E+2	1.643423E-9
-9.081333E+2	1.643423E-9
-9.058000E+2	1.650475E-9
-9.035333E+2	1.636370E-9
-8.999333E+2	1.643423E-9
-8.970000E+2	1.643423E-9
-8.944000E+2	1.643423E-9
-8.918000E+2	1.650475E-9
-8.882000E+2	1.650475E-9
-8.852667E+2	1.643423E-9
-8.823333E+2	1.650475E-9
-8.787333E+2	1.664581E-9
-8.751333E+2	1.650475E-9
-8.725333E+2	1.643423E-9
-8.689333E+2	1.636370E-9
-8.650000E+2	1.636370E-9
-8.624000E+2	1.650475E-9
-8.598000E+2	1.650475E-9
-8.571333E+2	1.643423E-9
-8.545333E+2	1.636370E-9
-8.506000E+2	1.650475E-9
-8.480000E+2	1.650475E-9
-8.450667E+2	1.671633E-9
-8.428000E+2	1.657528E-9
-8.398667E+2	1.657528E-9
-8.375333E+2	1.657528E-9
-8.339333E+2	1.664581E-9
-8.306667E+2	1.643423E-9
-8.277333E+2	1.664581E-9
-8.241333E+2	1.650475E-9
-8.218667E+2	1.671633E-9
-8.189333E+2	1.664581E-9
-8.160000E+2	1.664581E-9
-8.130667E+2	1.671633E-9
-8.091333E+2	1.664581E-9
-8.065333E+2	1.678686E-9
-8.042667E+2	1.664581E-9
-8.012667E+2	1.657528E-9
-7.986667E+2	1.657528E-9
-7.960667E+2	1.664581E-9
-7.934667E+2	1.678686E-9
-7.905333E+2	1.699843E-9
-7.876000E+2	1.692791E-9
-7.843333E+2	1.671633E-9
-7.814000E+2	1.678686E-9
-7.787333E+2	1.664581E-9
-7.758000E+2	1.685738E-9
-7.728667E+2	1.671633E-9
-7.702667E+2	1.678686E-9
-7.676667E+2	1.692791E-9
-7.644000E+2	1.678686E-9
-7.611333E+2	1.650475E-9
-7.588000E+2	1.664581E-9
-7.555333E+2	1.685738E-9
-7.522667E+2	1.671633E-9
-7.490000E+2	1.671633E-9
-7.470667E+2	1.678686E-9
-7.434667E+2	1.671633E-9
-7.408667E+2	1.671633E-9
-7.376000E+2	1.685738E-9
-7.340000E+2	1.692791E-9
-7.310667E+2	1.678686E-9
-7.284667E+2	1.678686E-9
-7.248667E+2	1.678686E-9
-7.216000E+2	1.713948E-9
-7.190000E+2	1.685738E-9
-7.154000E+2	1.685738E-9
-7.124667E+2	1.692791E-9
-7.098000E+2	1.692791E-9
-7.068667E+2	1.692791E-9
-7.042667E+2	1.699843E-9
-7.016667E+2	1.706896E-9
-6.997333E+2	1.678686E-9
-6.974000E+2	1.713948E-9
-6.941333E+2	1.685738E-9
-6.912000E+2	1.721001E-9
-6.889333E+2	1.699843E-9
-6.853333E+2	1.685738E-9
-6.820667E+2	1.728053E-9
-6.791333E+2	1.728053E-9
-6.768667E+2	1.713948E-9
-6.738667E+2	1.713948E-9
-6.709333E+2	1.735106E-9
-6.683333E+2	1.735106E-9
-6.640667E+2	1.721001E-9
-6.605333E+2	1.749211E-9
-6.572667E+2	1.756263E-9
-6.542667E+2	1.749211E-9
-6.510000E+2	1.721001E-9
-6.490667E+2	1.756263E-9
-6.454667E+2	1.763316E-9
-6.422000E+2	1.749211E-9
-6.392667E+2	1.770369E-9
-6.363333E+2	1.728053E-9
-6.317333E+2	1.756263E-9
-6.291333E+2	1.784474E-9
-6.262000E+2	1.770369E-9
-6.226000E+2	1.763316E-9
-6.203333E+2	1.791526E-9
-6.174000E+2	1.756263E-9
-6.148000E+2	1.784474E-9
-6.121333E+2	1.784474E-9
-6.088667E+2	1.763316E-9
-6.069333E+2	1.791526E-9
-6.040000E+2	1.777421E-9
-6.004000E+2	1.784474E-9
-5.971333E+2	1.763316E-9
-5.932000E+2	1.805632E-9
-5.899333E+2	1.805632E-9
-5.870000E+2	1.798579E-9
-5.844000E+2	1.784474E-9
-5.811333E+2	1.777421E-9
-5.788667E+2	1.805632E-9
-5.752667E+2	1.770369E-9
-5.710000E+2	1.812684E-9
-5.680667E+2	1.791526E-9
-5.648000E+2	1.791526E-9
-5.608667E+2	1.812684E-9
-5.572667E+2	1.784474E-9
-5.540000E+2	1.826789E-9
-5.500667E+2	1.826789E-9
-5.468000E+2	1.819737E-9
-5.435333E+2	1.812684E-9
-5.402667E+2	1.819737E-9
-5.380000E+2	1.833842E-9
-5.347333E+2	1.833842E-9
-5.328000E+2	1.840895E-9
-5.304667E+2	1.826789E-9
-5.262667E+2	1.833842E-9
-5.230000E+2	1.869105E-9
-5.197333E+2	1.855000E-9
-5.170667E+2	1.855000E-9
-5.144667E+2	1.847947E-9
-5.118667E+2	1.869105E-9
-5.092667E+2	1.840895E-9
-5.056667E+2	1.869105E-9
-5.037333E+2	1.876158E-9
-5.007333E+2	1.890263E-9
-4.988000E+2	1.847947E-9
-4.955333E+2	1.883210E-9
-4.909333E+2	1.897315E-9
-4.874000E+2	1.890263E-9
-4.838000E+2	1.904368E-9
-4.811333E+2	1.904368E-9
-4.788667E+2	1.904368E-9
-4.756000E+2	1.911420E-9
-4.713333E+2	1.904368E-9
-4.678000E+2	1.897315E-9
-4.642000E+2	1.911420E-9
-4.599333E+2	1.946683E-9
-4.573333E+2	1.946683E-9
-4.537333E+2	1.932578E-9
-4.504667E+2	1.946683E-9
-4.475333E+2	1.925525E-9
-4.442667E+2	1.932578E-9
-4.406667E+2	1.953735E-9
-4.374000E+2	1.960788E-9
-4.341333E+2	1.953735E-9
-4.315333E+2	1.946683E-9
-4.288667E+2	1.974893E-9
-4.253333E+2	1.967841E-9
-4.223333E+2	1.974893E-9
-4.194000E+2	1.974893E-9
-4.155333E+2	1.981946E-9
-4.128667E+2	1.981946E-9
-4.099333E+2	1.981946E-9
-4.076667E+2	1.988998E-9
-4.040667E+2	1.946683E-9
-4.011333E+2	1.981946E-9
-3.988667E+2	2.003103E-9
-3.959333E+2	1.996051E-9
-3.929333E+2	1.988998E-9
-3.896667E+2	1.996051E-9
-3.864000E+2	2.031314E-9
-3.825333E+2	2.031314E-9
-3.789333E+2	2.052472E-9
-3.763333E+2	2.024261E-9
-3.730667E+2	2.031314E-9
-3.694667E+2	2.017209E-9
-3.671333E+2	2.059524E-9
-3.648667E+2	2.031314E-9
-3.619333E+2	2.052472E-9
-3.580000E+2	2.045419E-9
-3.550667E+2	2.059524E-9
-3.521333E+2	2.073629E-9
-3.498667E+2	2.059524E-9
-3.469333E+2	2.059524E-9
-3.436667E+2	2.087734E-9
-3.404000E+2	2.066577E-9
-3.364667E+2	2.094787E-9
-3.328667E+2	2.087735E-9
-3.302667E+2	2.108892E-9
-3.263333E+2	2.094787E-9
-3.224000E+2	2.094787E-9
-3.194667E+2	2.101840E-9
-3.168667E+2	2.130050E-9
-3.132667E+2	2.108892E-9
-3.112667E+2	2.122997E-9
-3.077333E+2	2.130050E-9
-3.054000E+2	2.108892E-9
-3.018000E+2	2.115945E-9
-2.988667E+2	2.130050E-9
-2.952667E+2	2.137102E-9
-2.916667E+2	2.115945E-9
-2.897333E+2	2.158260E-9
-2.871333E+2	2.151207E-9
-2.835333E+2	2.158260E-9
-2.802667E+2	2.165312E-9
-2.776667E+2	2.151207E-9
-2.737333E+2	2.151207E-9
-2.708000E+2	2.179417E-9
-2.665333E+2	2.179417E-9
-2.626000E+2	2.179417E-9
-2.606667E+2	2.179418E-9
-2.577333E+2	2.165312E-9
-2.541333E+2	2.193523E-9
-2.515333E+2	2.179417E-9
-2.495333E+2	2.214680E-9
-2.469333E+2	2.193523E-9
-2.440000E+2	2.200575E-9
-2.404000E+2	2.186470E-9
-2.371333E+2	2.186470E-9
-2.338667E+2	2.186470E-9
-2.309333E+2	2.200575E-9
-2.276667E+2	2.207628E-9
-2.254000E+2	2.228786E-9
-2.221333E+2	2.207628E-9
-2.182000E+2	2.207628E-9
-2.159333E+2	2.221733E-9
-2.130000E+2	2.228786E-9
-2.100000E+2	2.221733E-9
-2.058000E+2	2.228786E-9
-2.032000E+2	2.221733E-9
-1.992667E+2	2.249943E-9
-1.960000E+2	2.228785E-9
-1.934000E+2	2.228786E-9
-1.898000E+2	2.193523E-9
-1.871333E+2	2.235838E-9
-1.836000E+2	2.207628E-9
-1.803333E+2	2.221733E-9
-1.773333E+2	2.207628E-9
-1.744000E+2	2.193523E-9
-1.724667E+2	2.228786E-9
-1.702000E+2	2.200575E-9
-1.672667E+2	2.214680E-9
-1.633333E+2	2.214680E-9
-1.607333E+2	2.221733E-9
-1.577333E+2	2.228786E-9
-1.538667E+2	2.207628E-9
-1.506000E+2	2.228786E-9
-1.479333E+2	2.207628E-9
-1.440667E+2	2.214680E-9
-1.414000E+2	2.193523E-9
-1.372000E+2	2.207628E-9
-1.339333E+2	2.228786E-9
-1.310000E+2	2.221733E-9
-1.277333E+2	2.221733E-9
-1.241333E+2	2.228785E-9
-1.212000E+2	2.228786E-9
-1.182667E+2	2.193523E-9
-1.162667E+2	2.221733E-9
-1.133333E+2	2.200575E-9
-1.104000E+2	2.193523E-9
-1.084667E+2	2.186470E-9
-1.058000E+2	2.228785E-9
-1.022000E+2	2.200575E-9
-9.926667E+1	2.207628E-9
-9.733333E+1	2.214680E-9
-9.440000E+1	2.228786E-9
-9.180000E+1	2.186470E-9
-8.820000E+1	2.221733E-9
-8.560000E+1	2.200575E-9
-8.260000E+1	2.200575E-9
-7.906667E+1	2.186470E-9
-7.546667E+1	2.186470E-9
-7.120000E+1	2.193523E-9
-6.893333E+1	2.186470E-9
-6.566667E+1	2.186470E-9
-6.273333E+1	2.165312E-9
-5.913333E+1	2.179417E-9
-5.520000E+1	2.186470E-9
-5.293333E+1	2.186470E-9
-4.993333E+1	2.179417E-9
-4.640000E+1	2.200575E-9
-4.280000E+1	2.165312E-9
-3.953333E+1	2.186470E-9
-3.753333E+1	2.151207E-9
-3.560000E+1	2.193523E-9
-3.233333E+1	2.193523E-9
-2.906667E+1	2.158260E-9
-2.580000E+1	2.172365E-9
-2.220000E+1	2.151207E-9
-1.793333E+1	2.151207E-9
-1.466667E+1	2.144155E-9
-1.140000E+1	2.137102E-9
-8.800000E+0	2.151207E-9
-6.866667E+0	2.137102E-9
-4.533333E+0	2.144155E-9
-9.333333E-1	2.144155E-9
2.333333E+0	2.115945E-9
6.200000E+0	2.130050E-9
9.800000E+0	2.137102E-9
1.340000E+1	2.137102E-9
1.633333E+1	2.130050E-9
1.960000E+1	2.115945E-9
2.253333E+1	2.101840E-9
2.546667E+1	2.115945E-9
2.780000E+1	2.094787E-9
3.073333E+1	2.108892E-9
3.500000E+1	2.094787E-9
3.726667E+1	2.122997E-9
4.053333E+1	2.130050E-9
4.413333E+1	2.094787E-9
4.833333E+1	2.094787E-9
5.226667E+1	2.108892E-9
5.520000E+1	2.115945E-9
5.913333E+1	2.080682E-9
6.273333E+1	2.073629E-9
6.566667E+1	2.066577E-9
6.826667E+1	2.080682E-9
7.220000E+1	2.066577E-9
7.613333E+1	2.080682E-9
7.973333E+1	2.066577E-9
8.233333E+1	2.080682E-9
8.593333E+1	2.073629E-9
8.953333E+1	2.059524E-9
9.180000E+1	2.066577E-9
9.540000E+1	2.052472E-9
9.866667E+1	2.073629E-9
1.009333E+2	2.052472E-9
1.038667E+2	2.052472E-9
1.062000E+2	2.017209E-9
1.098000E+2	2.038366E-9
1.134000E+2	2.045419E-9
1.166667E+2	2.038366E-9
1.196000E+2	2.010156E-9
1.222000E+2	2.003103E-9
1.248000E+2	2.017209E-9
1.267333E+2	2.017209E-9
1.290667E+2	1.996051E-9
1.320000E+2	2.003103E-9
1.339333E+2	2.024261E-9
1.365333E+2	1.996051E-9
1.408000E+2	2.003103E-9
1.444000E+2	1.974893E-9
1.480000E+2	1.981946E-9
1.502667E+2	1.996051E-9
1.538667E+2	1.981946E-9
1.561333E+2	1.996051E-9
1.588000E+2	1.960788E-9
1.610667E+2	1.967840E-9
1.646667E+2	1.925525E-9
1.686000E+2	1.939630E-9
1.728000E+2	1.932578E-9
1.767333E+2	1.953735E-9
1.800000E+2	1.946683E-9
1.829333E+2	1.953735E-9
1.862000E+2	1.918473E-9
1.898000E+2	1.946683E-9
1.920667E+2	1.925525E-9
1.947333E+2	1.946683E-9
1.992667E+2	1.932578E-9
2.035333E+2	1.911420E-9
2.061333E+2	1.918473E-9
2.094000E+2	1.904368E-9
2.123333E+2	1.890263E-9
2.156000E+2	1.904368E-9
2.188667E+2	1.897315E-9
2.214667E+2	1.925525E-9
2.238000E+2	1.904368E-9
2.260667E+2	1.904368E-9
2.290000E+2	1.890263E-9
2.329333E+2	1.911420E-9
2.365333E+2	1.876158E-9
2.391333E+2	1.876158E-9
2.430667E+2	1.883210E-9
2.456667E+2	1.890263E-9
2.492667E+2	1.897315E-9
2.525333E+2	1.862052E-9
2.551333E+2	1.840895E-9
2.587333E+2	1.847947E-9
2.620000E+2	1.883210E-9
2.646000E+2	1.869105E-9
2.669333E+2	1.826789E-9
2.711333E+2	1.833842E-9
2.737333E+2	1.847947E-9
2.770000E+2	1.862052E-9
2.809333E+2	1.840895E-9
2.842000E+2	1.840895E-9
2.871333E+2	1.812684E-9
2.900667E+2	1.812684E-9
2.920667E+2	1.826789E-9
2.956667E+2	1.812684E-9
2.989333E+2	1.805632E-9
3.018667E+2	1.805632E-9
3.064000E+2	1.798579E-9
3.094000E+2	1.812684E-9
3.120000E+2	1.770369E-9
3.142667E+2	1.777421E-9
3.182000E+2	1.812684E-9
3.214667E+2	1.812684E-9
3.240667E+2	1.805632E-9
3.280000E+2	1.812684E-9
3.309333E+2	1.763316E-9
3.338667E+2	1.791526E-9
3.374667E+2	1.777421E-9
3.397333E+2	1.770369E-9
3.436667E+2	1.784474E-9
3.469333E+2	1.742158E-9
3.495333E+2	1.798579E-9
3.518667E+2	1.763316E-9
3.541333E+2	1.770369E-9
3.574000E+2	1.770369E-9
3.600000E+2	1.784474E-9
3.629333E+2	1.756263E-9
3.655333E+2	1.770369E-9
3.684667E+2	1.749211E-9
3.708000E+2	1.728053E-9
3.740667E+2	1.749211E-9
3.770000E+2	1.735106E-9
3.789333E+2	1.735106E-9
3.815333E+2	1.742158E-9
3.848000E+2	1.735106E-9
3.874667E+2	1.728053E-9
3.907333E+2	1.742158E-9
3.943333E+2	1.728053E-9
3.966000E+2	1.728053E-9
3.985333E+2	1.742158E-9
4.005333E+2	1.742158E-9
4.041333E+2	1.706896E-9
4.067333E+2	1.713948E-9
4.093333E+2	1.728053E-9
4.116000E+2	1.742158E-9
4.139333E+2	1.735106E-9
4.168667E+2	1.713948E-9
4.188000E+2	1.699843E-9
4.227333E+2	1.735106E-9
4.246667E+2	1.699843E-9
4.279333E+2	1.735106E-9
4.299333E+2	1.728053E-9
4.325333E+2	1.706896E-9
4.351333E+2	1.692791E-9
4.374000E+2	1.699843E-9
4.400667E+2	1.742158E-9
4.430000E+2	1.685738E-9
4.459333E+2	1.692791E-9
4.488667E+2	1.713948E-9
4.514667E+2	1.713948E-9
4.540667E+2	1.706896E-9
4.573333E+2	1.713948E-9
4.609333E+2	1.692791E-9
4.638667E+2	1.706896E-9
4.662000E+2	1.713948E-9
4.694667E+2	1.685738E-9
4.720667E+2	1.721001E-9
4.746667E+2	1.721001E-9
4.776000E+2	1.699843E-9
4.802000E+2	1.699843E-9
4.831333E+2	1.721001E-9
4.858000E+2	1.685738E-9
4.884000E+2	1.692791E-9
4.913333E+2	1.699843E-9
4.949333E+2	1.685738E-9
4.978667E+2	1.706896E-9
5.008000E+2	1.692791E-9
5.037333E+2	1.713948E-9
5.073333E+2	1.692791E-9
5.112667E+2	1.678686E-9
5.148667E+2	1.706896E-9
5.174667E+2	1.685738E-9
5.200667E+2	1.692791E-9
5.230000E+2	1.685738E-9
5.256000E+2	1.699843E-9
5.276000E+2	1.685738E-9
5.302000E+2	1.685738E-9
5.341333E+2	1.678686E-9
5.367333E+2	1.664581E-9
5.393333E+2	1.671633E-9
5.416000E+2	1.657528E-9
5.448667E+2	1.671633E-9
5.472000E+2	1.671633E-9
5.494667E+2	1.678686E-9
5.514000E+2	1.678686E-9
5.534000E+2	1.699843E-9
5.566667E+2	1.692791E-9
5.606000E+2	1.671633E-9
5.628667E+2	1.657528E-9
5.658000E+2	1.664581E-9
5.690667E+2	1.678686E-9
5.720000E+2	1.657528E-9
5.749333E+2	1.657528E-9
5.778667E+2	1.650475E-9
5.802000E+2	1.664581E-9
5.834667E+2	1.671633E-9
5.860667E+2	1.664581E-9
5.893333E+2	1.692791E-9
5.936000E+2	1.671633E-9
5.962000E+2	1.664581E-9
5.998000E+2	1.664581E-9
6.030667E+2	1.650475E-9
6.053333E+2	1.685738E-9
6.076000E+2	1.685738E-9
6.102000E+2	1.671633E-9
6.132000E+2	1.643423E-9
6.148000E+2	1.685738E-9
6.180667E+2	1.678686E-9
6.216667E+2	1.664581E-9
6.249333E+2	1.678686E-9
6.275333E+2	1.678686E-9
6.298000E+2	1.657528E-9
6.321333E+2	1.671633E-9
6.357333E+2	1.664581E-9
6.399333E+2	1.664581E-9
6.419333E+2	1.650475E-9
6.455333E+2	1.678686E-9
6.478000E+2	1.685738E-9
6.507333E+2	1.650475E-9
6.530000E+2	1.664581E-9
6.559333E+2	1.664581E-9
6.582667E+2	1.685738E-9
6.608667E+2	1.657528E-9
6.634667E+2	1.664580E-9
6.667333E+2	1.664580E-9
6.703333E+2	1.664581E-9
6.736000E+2	1.657528E-9
6.768667E+2	1.657528E-9
6.798000E+2	1.685738E-9
6.834000E+2	1.685738E-9
6.853333E+2	1.671633E-9
6.880000E+2	1.678686E-9
6.912667E+2	1.657528E-9
6.942000E+2	1.657528E-9
6.971333E+2	1.671633E-9
7.010667E+2	1.650475E-9
7.056000E+2	1.643423E-9
7.092000E+2	1.615213E-9
7.118000E+2	1.650475E-9
7.150667E+2	1.650475E-9
7.183333E+2	1.629318E-9
7.210000E+2	1.629318E-9
7.239333E+2	1.622265E-9
7.265333E+2	1.650475E-9
7.291333E+2	1.643423E-9
7.324000E+2	1.664581E-9
7.353333E+2	1.629318E-9
7.376000E+2	1.636370E-9
7.408667E+2	1.657528E-9
7.435333E+2	1.629318E-9
7.468000E+2	1.650475E-9
7.494000E+2	1.636370E-9
7.520000E+2	1.664581E-9
7.559333E+2	1.643423E-9
7.585333E+2	1.650475E-9
7.614667E+2	1.643423E-9
7.644000E+2	1.643423E-9
7.676667E+2	1.615212E-9
7.702667E+2	1.643423E-9
7.745333E+2	1.622265E-9
7.778000E+2	1.650475E-9
7.804000E+2	1.629318E-9
7.836667E+2	1.636370E-9
7.869333E+2	1.629318E-9
7.898667E+2	1.629318E-9
7.938000E+2	1.650475E-9
7.967333E+2	1.643423E-9
8.000000E+2	1.636370E-9
8.036000E+2	1.650475E-9
8.065333E+2	1.636370E-9
8.088667E+2	1.622265E-9
8.121333E+2	1.622265E-9
8.154000E+2	1.636370E-9
8.176667E+2	1.636370E-9
8.196000E+2	1.643423E-9
8.219333E+2	1.643423E-9
8.242000E+2	1.622265E-9
8.268000E+2	1.629318E-9
8.304000E+2	1.650475E-9
8.330000E+2	1.657528E-9
8.366000E+2	1.629318E-9
8.402000E+2	1.629318E-9
8.424667E+2	1.615212E-9
8.460667E+2	1.615212E-9
8.493333E+2	1.643423E-9
8.516667E+2	1.643423E-9
8.555333E+2	1.629318E-9
8.591333E+2	1.650475E-9
8.624000E+2	1.643423E-9
8.653333E+2	1.650475E-9
8.676667E+2	1.622265E-9
8.712667E+2	1.636370E-9
8.742000E+2	1.643423E-9
8.774667E+2	1.636370E-9
8.794000E+2	1.615212E-9
8.823333E+2	1.629318E-9
8.846000E+2	1.650475E-9
8.876000E+2	1.643423E-9
8.908667E+2	1.636370E-9
8.938000E+2	1.594055E-9
8.974000E+2	1.636370E-9
9.009333E+2	1.650475E-9
9.039333E+2	1.650475E-9
9.072000E+2	1.622265E-9
9.110667E+2	1.615213E-9
9.134000E+2	1.636370E-9
9.166667E+2	1.622265E-9
9.199333E+2	1.629318E-9
9.238000E+2	1.608160E-9
9.264667E+2	1.629318E-9
9.297333E+2	1.650475E-9
9.333333E+2	1.622265E-9
9.359333E+2	1.650475E-9
9.385333E+2	1.601107E-9
9.418000E+2	1.650475E-9
9.447333E+2	1.636370E-9
9.476667E+2	1.643423E-9
9.512667E+2	1.629318E-9
9.548667E+2	1.622265E-9
9.571333E+2	1.650475E-9
9.600667E+2	1.657528E-9
9.627333E+2	1.636370E-9
9.656667E+2	1.629318E-9
9.692667E+2	1.643423E-9
9.734667E+2	1.622265E-9
9.758000E+2	1.615212E-9
9.793333E+2	1.650475E-9
9.829333E+2	1.636370E-9
9.872000E+2	1.622265E-9
9.911333E+2	1.615212E-9
9.940667E+2	1.608160E-9
9.970000E+2	1.643423E-9
9.989333E+2	1.636370E-9
1.001600E+3	1.622265E-9
1.003867E+3	1.622265E-9
1.006467E+3	1.608160E-9
1.008467E+3	1.636370E-9
1.011067E+3	1.636370E-9
1.015000E+3	1.650475E-9
1.017600E+3	1.622265E-9
1.021533E+3	1.622265E-9
1.025067E+3	1.608160E-9
1.028667E+3	1.622265E-9
1.031000E+3	1.622265E-9
1.033267E+3	1.643423E-9
1.035200E+3	1.622265E-9
1.037200E+3	1.643423E-9
1.040133E+3	1.629318E-9
1.043067E+3	1.622265E-9
1.045667E+3	1.643423E-9
1.048933E+3	1.643423E-9
1.052533E+3	1.650475E-9
1.055467E+3	1.643423E-9
1.058400E+3	1.615213E-9
1.061667E+3	1.643423E-9
1.065267E+3	1.629318E-9
1.068200E+3	1.622265E-9
1.071467E+3	1.643423E-9
1.073467E+3	1.622265E-9
1.076067E+3	1.608160E-9
1.079667E+3	1.643423E-9
1.082600E+3	1.636370E-9
1.085200E+3	1.664580E-9
1.088467E+3	1.636370E-9
1.092400E+3	1.629318E-9
1.095000E+3	1.657528E-9
1.097600E+3	1.657528E-9
1.100867E+3	1.636370E-9
1.103467E+3	1.629318E-9
1.106133E+3	1.643423E-9
1.109067E+3	1.622265E-9
1.112000E+3	1.636370E-9
1.114267E+3	1.622265E-9
1.117867E+3	1.650475E-9
1.121467E+3	1.650475E-9
1.124733E+3	1.636370E-9
1.127333E+3	1.629318E-9
1.130267E+3	1.622265E-9
1.132867E+3	1.657528E-9
1.135533E+3	1.643423E-9
1.138133E+3	1.650475E-9
1.140400E+3	1.657528E-9
1.143333E+3	1.650475E-9
1.145933E+3	1.636370E-9
1.147933E+3	1.657528E-9
1.150533E+3	1.643423E-9
1.154133E+3	1.615212E-9
1.158067E+3	1.636370E-9
1.161333E+3	1.622265E-9
1.164933E+3	1.629318E-9
1.168200E+3	1.636370E-9
1.171800E+3	1.636370E-9
1.174733E+3	1.643423E-9
1.177333E+3	1.650475E-9
1.180267E+3	1.636370E-9
1.183200E+3	1.615213E-9
1.185133E+3	1.657528E-9
1.187800E+3	1.636370E-9
1.190067E+3	1.636370E-9
1.193000E+3	1.636370E-9
1.195267E+3	1.629318E-9
1.198867E+3	1.636370E-9
1.201467E+3	1.636370E-9
1.204133E+3	1.615212E-9
1.207400E+3	1.615212E-9
1.211000E+3	1.643423E-9
1.214267E+3	1.636370E-9
1.217200E+3	1.636370E-9
1.220467E+3	1.629318E-9
1.223733E+3	1.622265E-9
1.227933E+3	1.608160E-9
1.230267E+3	1.664581E-9
1.234133E+3	1.657528E-9
1.236133E+3	1.622265E-9
1.240067E+3	1.643423E-9
1.243000E+3	1.636370E-9
1.245267E+3	1.629318E-9
1.248200E+3	1.643423E-9
1.251133E+3	1.636370E-9
1.255067E+3	1.636370E-9
1.258667E+3	1.636370E-9
1.261267E+3	1.657528E-9
1.264200E+3	1.622265E-9
1.268133E+3	1.643423E-9
1.271067E+3	1.650475E-9
1.274000E+3	1.643423E-9
1.276333E+3	1.643423E-9
1.278267E+3	1.629318E-9
1.280200E+3	1.622265E-9
1.283133E+3	1.643423E-9
1.285800E+3	1.622265E-9
1.289400E+3	1.643423E-9
1.292933E+3	1.636370E-9
1.295600E+3	1.664581E-9
1.298867E+3	1.636370E-9
1.301467E+3	1.643423E-9
1.303067E+3	1.636370E-9
1.306333E+3	1.657528E-9
1.309000E+3	1.657528E-9
1.312267E+3	1.622265E-9
1.314533E+3	1.643423E-9
1.317800E+3	1.636370E-9
1.320400E+3	1.657528E-9
1.323000E+3	1.643423E-9
1.326267E+3	1.650475E-9
1.329533E+3	1.643423E-9
1.332133E+3	1.643423E-9
1.334800E+3	1.657528E-9
1.337400E+3	1.650475E-9
1.340000E+3	1.657528E-9
1.343267E+3	1.657528E-9
1.347533E+3	1.657528E-9
1.351133E+3	1.636370E-9
1.354400E+3	1.664581E-9
1.357000E+3	1.643423E-9
1.359267E+3	1.657528E-9
1.361533E+3	1.671633E-9
1.363867E+3	1.643423E-9
1.365800E+3	1.650475E-9
1.368067E+3	1.671633E-9
1.370733E+3	1.650475E-9
1.374333E+3	1.671633E-9
1.376600E+3	1.678686E-9
1.378867E+3	1.657528E-9
1.381800E+3	1.650475E-9
1.385067E+3	1.664581E-9
1.388000E+3	1.650475E-9
1.390667E+3	1.643423E-9
1.392600E+3	1.622265E-9
1.395867E+3	1.657528E-9
1.398467E+3	1.671633E-9
