-3.333333E-1	2.574361E-9
-3.600000E+0	2.567308E-9
-6.866667E+0	2.567308E-9
-9.466667E+0	2.546151E-9
-1.240000E+1	2.553203E-9
-1.500000E+1	2.567308E-9
-1.726667E+1	2.567308E-9
-1.960000E+1	2.560256E-9
-2.320000E+1	2.595519E-9
-2.646667E+1	2.581414E-9
-2.906667E+1	2.567308E-9
-3.100000E+1	2.567308E-9
-3.460000E+1	2.567308E-9
-3.686667E+1	2.588466E-9
-4.080000E+1	2.567308E-9
-4.340000E+1	2.574361E-9
-4.573333E+1	2.574361E-9
-4.833333E+1	2.546151E-9
-5.226667E+1	2.574361E-9
-5.486667E+1	2.560256E-9
-5.780000E+1	2.567308E-9
-6.140000E+1	2.588466E-9
-6.433333E+1	2.595519E-9
-6.826667E+1	2.567308E-9
-7.220000E+1	2.560256E-9
-7.513333E+1	2.567308E-9
-7.806667E+1	2.574361E-9
-8.066667E+1	2.574361E-9
-8.326667E+1	2.560256E-9
-8.620000E+1	2.546151E-9
-8.980000E+1	2.560256E-9
-9.340000E+1	2.532045E-9
-9.766667E+1	2.532046E-9
-9.960000E+1	2.560256E-9
-1.032000E+2	2.532046E-9
-1.054667E+2	2.546151E-9
-1.081333E+2	2.560256E-9
-1.107333E+2	2.524993E-9
-1.140000E+2	2.524993E-9
-1.166000E+2	2.524993E-9
-1.195333E+2	2.532045E-9
-1.224667E+2	2.503835E-9
-1.264000E+2	2.553203E-9
-1.296667E+2	2.503835E-9
-1.322667E+2	2.532045E-9
-1.352000E+2	2.503835E-9
-1.391333E+2	2.524993E-9
-1.420667E+2	2.532045E-9
-1.440667E+2	2.517940E-9
-1.463333E+2	2.489730E-9
-1.489333E+2	2.517940E-9
-1.525333E+2	2.503835E-9
-1.558000E+2	2.496783E-9
-1.584000E+2	2.482678E-9
-1.626667E+2	2.468573E-9
-1.649333E+2	2.496783E-9
-1.678667E+2	2.517940E-9
-1.702000E+2	2.496783E-9
-1.731333E+2	2.468573E-9
-1.754000E+2	2.475625E-9
-1.783333E+2	2.475625E-9
-1.812667E+2	2.468573E-9
-1.842000E+2	2.475625E-9
-1.868667E+2	2.454467E-9
-1.888000E+2	2.447415E-9
-1.907333E+2	2.475625E-9
-1.927333E+2	2.447415E-9
-1.953333E+2	2.475625E-9
-1.976000E+2	2.447415E-9
-2.005333E+2	2.454468E-9
-2.038000E+2	2.440362E-9
-2.058000E+2	2.433310E-9
-2.097333E+2	2.454468E-9
-2.123333E+2	2.447415E-9
-2.156000E+2	2.433310E-9
-2.192000E+2	2.433310E-9
-2.224667E+2	2.426257E-9
-2.247333E+2	2.405100E-9
-2.276667E+2	2.405100E-9
-2.302667E+2	2.405100E-9
-2.335333E+2	2.390994E-9
-2.371333E+2	2.376889E-9
-2.407333E+2	2.398047E-9
-2.426667E+2	2.376889E-9
-2.450000E+2	2.383942E-9
-2.476000E+2	2.369837E-9
-2.492000E+2	2.369837E-9
-2.528000E+2	2.369837E-9
-2.564000E+2	2.334574E-9
-2.593333E+2	2.348679E-9
-2.622667E+2	2.355731E-9
-2.642667E+2	2.362784E-9
-2.665333E+2	2.313416E-9
-2.688000E+2	2.348679E-9
-2.714667E+2	2.313416E-9
-2.750667E+2	2.320469E-9
-2.773333E+2	2.327521E-9
-2.802667E+2	2.320468E-9
-2.825333E+2	2.327521E-9
-2.861333E+2	2.313416E-9
-2.900667E+2	2.299311E-9
-2.930000E+2	2.292258E-9
-2.959333E+2	2.299311E-9
-2.985333E+2	2.313416E-9
-3.012000E+2	2.306363E-9
-3.041333E+2	2.292258E-9
-3.067333E+2	2.264048E-9
-3.086667E+2	2.264048E-9
-3.116000E+2	2.264048E-9
-3.148667E+2	2.242891E-9
-3.184667E+2	2.242891E-9
-3.220667E+2	2.235838E-9
-3.243333E+2	2.235838E-9
-3.273333E+2	2.249943E-9
-3.292667E+2	2.228786E-9
-3.332000E+2	2.235838E-9
-3.364667E+2	2.242891E-9
-3.394000E+2	2.242891E-9
-3.426667E+2	2.228786E-9
-3.462667E+2	2.221733E-9
-3.495333E+2	2.179417E-9
-3.531333E+2	2.193523E-9
-3.554000E+2	2.193523E-9
-3.583333E+2	2.172365E-9
-3.606000E+2	2.144155E-9
-3.632667E+2	2.165312E-9
-3.662000E+2	2.151207E-9
-3.684667E+2	2.186470E-9
-3.714000E+2	2.165312E-9
-3.750000E+2	2.165312E-9
-3.776000E+2	2.151207E-9
-3.805333E+2	2.151207E-9
-3.841333E+2	2.158260E-9
-3.861333E+2	2.158260E-9
-3.896667E+2	2.144155E-9
-3.916667E+2	2.122997E-9
-3.952667E+2	2.144155E-9
-3.975333E+2	2.137102E-9
-4.014667E+2	2.137102E-9
-4.050667E+2	2.122997E-9
-4.073333E+2	2.101840E-9
-4.092667E+2	2.137102E-9
-4.122667E+2	2.122997E-9
-4.152000E+2	2.108892E-9
-4.178000E+2	2.115945E-9
-4.204000E+2	2.094787E-9
-4.240000E+2	2.094787E-9
-4.269333E+2	2.080682E-9
-4.295333E+2	2.094787E-9
-4.331333E+2	2.073629E-9
-4.354000E+2	2.066577E-9
-4.384000E+2	2.038366E-9
-4.413333E+2	2.087735E-9
-4.436000E+2	2.066577E-9
-4.462000E+2	2.059524E-9
-4.498000E+2	2.066577E-9
-4.524000E+2	2.059524E-9
-4.560000E+2	2.066577E-9
-4.582667E+2	2.059524E-9
-4.615333E+2	2.031314E-9
-4.651333E+2	2.059524E-9
-4.674667E+2	2.059524E-9
-4.700667E+2	2.038366E-9
-4.726667E+2	2.003103E-9
-4.762667E+2	2.024261E-9
-4.795333E+2	2.038366E-9
-4.818000E+2	2.024261E-9
-4.838000E+2	2.024261E-9
-4.857333E+2	2.017209E-9
-4.880000E+2	2.010156E-9
-4.916000E+2	2.010156E-9
-4.955333E+2	2.010156E-9
-4.991333E+2	2.003103E-9
-5.010667E+2	2.003103E-9
-5.043333E+2	1.988998E-9
-5.070000E+2	2.024261E-9
-5.099333E+2	1.974893E-9
-5.135333E+2	2.003103E-9
-5.164667E+2	2.010156E-9
-5.187333E+2	2.003103E-9
-5.220000E+2	2.010156E-9
-5.256000E+2	1.996051E-9
-5.278667E+2	1.996051E-9
-5.311333E+2	1.974893E-9
-5.350667E+2	1.981946E-9
-5.373333E+2	1.981946E-9
-5.406000E+2	1.967840E-9
-5.426000E+2	1.981946E-9
-5.458667E+2	1.967840E-9
-5.478000E+2	1.960788E-9
-5.504000E+2	1.974893E-9
-5.540000E+2	1.974893E-9
-5.579333E+2	1.946683E-9
-5.615333E+2	1.953735E-9
-5.638000E+2	1.946683E-9
-5.670667E+2	1.953735E-9
-5.703333E+2	1.946683E-9
-5.736000E+2	1.939630E-9
-5.758667E+2	1.960788E-9
-5.785333E+2	1.953735E-9
-5.808000E+2	1.960788E-9
-5.830667E+2	1.939630E-9
-5.856667E+2	1.925525E-9
-5.883333E+2	1.911420E-9
-5.906000E+2	1.953735E-9
-5.935333E+2	1.939630E-9
-5.971333E+2	1.946683E-9
-5.997333E+2	1.911420E-9
-6.020000E+2	1.911420E-9
-6.050000E+2	1.897315E-9
-6.088667E+2	1.925525E-9
-6.121333E+2	1.932578E-9
-6.164000E+2	1.932578E-9
-6.196667E+2	1.939630E-9
-6.216000E+2	1.918473E-9
-6.242667E+2	1.925526E-9
-6.281333E+2	1.939630E-9
-6.317333E+2	1.925525E-9
-6.344000E+2	1.911420E-9
-6.373333E+2	1.939630E-9
-6.406000E+2	1.911420E-9
-6.428667E+2	1.925525E-9
-6.464667E+2	1.911420E-9
-6.507333E+2	1.911420E-9
-6.546000E+2	1.925525E-9
-6.578667E+2	1.890263E-9
-6.602000E+2	1.883210E-9
-6.628000E+2	1.897315E-9
-6.660667E+2	1.911420E-9
-6.686667E+2	1.904368E-9
-6.719333E+2	1.904368E-9
-6.755333E+2	1.890263E-9
-6.784667E+2	1.876157E-9
-6.817333E+2	1.883210E-9
-6.846667E+2	1.897315E-9
-6.872667E+2	1.897315E-9
-6.899333E+2	1.897315E-9
-6.918667E+2	1.918473E-9
-6.944667E+2	1.897315E-9
-6.974000E+2	1.911420E-9
-7.000000E+2	1.897315E-9
-7.020000E+2	1.897315E-9
-7.052667E+2	1.876158E-9
-7.092000E+2	1.883210E-9
-7.118000E+2	1.918473E-9
-7.147333E+2	1.897315E-9
-7.176667E+2	1.890263E-9
-7.193333E+2	1.904368E-9
-7.216000E+2	1.911420E-9
-7.248667E+2	1.869105E-9
-7.281333E+2	1.883210E-9
-7.320667E+2	1.904367E-9
-7.353333E+2	1.890263E-9
-7.376000E+2	1.883210E-9
-7.412000E+2	1.890263E-9
-7.448000E+2	1.890263E-9
-7.484000E+2	1.911420E-9
-7.513333E+2	1.890263E-9
-7.542667E+2	1.925525E-9
-7.568667E+2	1.897315E-9
-7.588000E+2	1.904368E-9
-7.620667E+2	1.876158E-9
-7.656667E+2	1.890263E-9
-7.692667E+2	1.897315E-9
-7.718667E+2	1.897315E-9
-7.754667E+2	1.883210E-9
-7.794000E+2	1.904368E-9
-7.830000E+2	1.883210E-9
-7.859333E+2	1.904368E-9
-7.879333E+2	1.883210E-9
-7.912000E+2	1.876158E-9
-7.931333E+2	1.925525E-9
-7.960667E+2	1.897315E-9
-7.986667E+2	1.897315E-9
-8.016000E+2	1.890263E-9
-8.045333E+2	1.883210E-9
-8.084667E+2	1.911420E-9
-8.110667E+2	1.876158E-9
-8.137333E+2	1.897315E-9
-8.156667E+2	1.883210E-9
-8.179333E+2	1.897315E-9
-8.215333E+2	1.911420E-9
-8.238667E+2	1.897315E-9
-8.261333E+2	1.862052E-9
-8.277333E+2	1.869105E-9
-8.304000E+2	1.897315E-9
-8.336667E+2	1.883210E-9
-8.372000E+2	1.883210E-9
-8.398667E+2	1.904368E-9
-8.418000E+2	1.883210E-9
-8.450667E+2	1.862052E-9
-8.483333E+2	1.904368E-9
-8.502667E+2	1.890263E-9
-8.535333E+2	1.862052E-9
-8.578000E+2	1.890263E-9
-8.614000E+2	1.855000E-9
-8.650000E+2	1.890263E-9
-8.686000E+2	1.862052E-9
-8.715333E+2	1.869105E-9
-8.738000E+2	1.869105E-9
-8.764000E+2	1.869105E-9
-8.794000E+2	1.876158E-9
-8.820000E+2	1.904368E-9
-8.856000E+2	1.876158E-9
-8.878667E+2	1.890263E-9
-8.914667E+2	1.897315E-9
-8.950667E+2	1.869105E-9
-8.980000E+2	1.883210E-9
-9.006000E+2	1.862052E-9
-9.038667E+2	1.876158E-9
-9.074667E+2	1.862052E-9
-9.104000E+2	1.847947E-9
-9.130000E+2	1.876158E-9
-9.162667E+2	1.855000E-9
-9.192000E+2	1.869105E-9
-9.234667E+2	1.833842E-9
-9.264000E+2	1.855000E-9
-9.290000E+2	1.869105E-9
-9.313333E+2	1.862052E-9
-9.346000E+2	1.833842E-9
-9.378667E+2	1.847947E-9
-9.408000E+2	1.855000E-9
-9.447333E+2	1.833842E-9
-9.470000E+2	1.840895E-9
-9.499333E+2	1.840895E-9
-9.532000E+2	1.862052E-9
-9.568000E+2	1.847947E-9
-9.594000E+2	1.862052E-9
-9.616667E+2	1.862052E-9
-9.633333E+2	1.847947E-9
-9.669333E+2	1.840895E-9
-9.688667E+2	1.840895E-9
-9.718000E+2	1.847947E-9
-9.744000E+2	1.840895E-9
-9.764000E+2	1.840895E-9
-9.783333E+2	1.833842E-9
-9.816000E+2	1.833842E-9
-9.845333E+2	1.833842E-9
-9.878000E+2	1.862052E-9
-9.914000E+2	1.840895E-9
-9.934000E+2	1.847947E-9
-9.963333E+2	1.855000E-9
-9.992667E+2	1.826789E-9
-1.001200E+3	1.826789E-9
-1.004467E+3	1.847947E-9
-1.007400E+3	1.847947E-9
-1.010333E+3	1.840895E-9
-1.013000E+3	1.833842E-9
-1.016600E+3	1.833842E-9
-1.018867E+3	1.840895E-9
-1.022800E+3	1.840895E-9
-1.025400E+3	1.840895E-9
-1.029333E+3	1.855000E-9
-1.031600E+3	1.840895E-9
-1.034867E+3	1.840895E-9
-1.038800E+3	1.826789E-9
-1.041733E+3	1.833842E-9
-1.045333E+3	1.819737E-9
-1.048267E+3	1.833842E-9
-1.050867E+3	1.819737E-9
-1.053467E+3	1.855000E-9
-1.056067E+3	1.840895E-9
-1.058733E+3	1.840895E-9
-1.062600E+3	1.826789E-9
-1.066200E+3	1.855000E-9
-1.069467E+3	1.847947E-9
-1.073067E+3	1.862052E-9
-1.077000E+3	1.840895E-9
-1.080267E+3	1.855000E-9
-1.082533E+3	1.840895E-9
-1.085200E+3	1.819737E-9
-1.087800E+3	1.840895E-9
-1.090067E+3	1.826789E-9
-1.093000E+3	1.869105E-9
-1.095267E+3	1.819737E-9
-1.098267E+3	1.833842E-9
-1.100200E+3	1.833842E-9
-1.103133E+3	1.826789E-9
-1.106067E+3	1.826789E-9
-1.108667E+3	1.826789E-9
-1.110667E+3	1.840895E-9
-1.112933E+3	1.840895E-9
-1.116200E+3	1.855000E-9
-1.118467E+3	1.847947E-9
-1.121733E+3	1.819737E-9
-1.125667E+3	1.826789E-9
-1.129267E+3	1.855000E-9
-1.132533E+3	1.812684E-9
-1.135467E+3	1.855000E-9
-1.137733E+3	1.840895E-9
-1.140067E+3	1.826789E-9
-1.143000E+3	1.819737E-9
-1.146600E+3	1.812684E-9
-1.149867E+3	1.876158E-9
-1.152800E+3	1.833842E-9
-1.155067E+3	1.819737E-9
-1.158000E+3	1.833842E-9
-1.160933E+3	1.833842E-9
-1.163600E+3	1.847947E-9
-1.166867E+3	1.840895E-9
-1.168800E+3	1.833842E-9
-1.171400E+3	1.833842E-9
-1.174000E+3	1.833842E-9
-1.177267E+3	1.833842E-9
-1.180533E+3	1.833842E-9
-1.183467E+3	1.855000E-9
-1.186733E+3	1.833842E-9
-1.188733E+3	1.862052E-9
-1.191667E+3	1.862052E-9
-1.193600E+3	1.826789E-9
-1.195600E+3	1.847947E-9
-1.197867E+3	1.840895E-9
-1.200467E+3	1.833842E-9
-1.203733E+3	1.833842E-9
-1.207000E+3	1.840895E-9
-1.209333E+3	1.847947E-9
-1.211600E+3	1.826789E-9
-1.214533E+3	1.812684E-9
-1.217800E+3	1.805632E-9
-1.220400E+3	1.805632E-9
-1.222400E+3	1.847947E-9
-1.224667E+3	1.840895E-9
-1.228267E+3	1.805632E-9
-1.231200E+3	1.791526E-9
-1.235133E+3	1.833842E-9
-1.239000E+3	1.840895E-9
-1.241333E+3	1.826789E-9
-1.244933E+3	1.840895E-9
-1.247867E+3	1.862052E-9
-1.252067E+3	1.826789E-9
-1.254067E+3	1.840895E-9
-1.256333E+3	1.826789E-9
-1.258933E+3	1.840895E-9
-1.262867E+3	1.862052E-9
-1.266800E+3	1.855000E-9
-1.269733E+3	1.840895E-9
-1.272667E+3	1.840895E-9
-1.276267E+3	1.840895E-9
-1.280200E+3	1.840895E-9
-1.283800E+3	1.855000E-9
-1.285733E+3	1.847947E-9
-1.288333E+3	1.847947E-9
-1.290333E+3	1.855000E-9
-1.292933E+3	1.869105E-9
-1.295533E+3	1.862052E-9
-1.298133E+3	1.826789E-9
-1.300800E+3	1.855000E-9
-1.304067E+3	1.847947E-9
-1.307333E+3	1.862052E-9
-1.309267E+3	1.847947E-9
-1.311867E+3	1.869105E-9
-1.314800E+3	1.855000E-9
-1.317400E+3	1.840895E-9
-1.319400E+3	1.840895E-9
-1.322333E+3	1.847947E-9
-1.325267E+3	1.826789E-9
-1.328533E+3	1.876158E-9
-1.331800E+3	1.862052E-9
-1.334733E+3	1.847947E-9
-1.337333E+3	1.876158E-9
-1.340933E+3	1.833842E-9
-1.343267E+3	1.855000E-9
-1.346533E+3	1.847947E-9
-1.349467E+3	1.855000E-9
-1.352400E+3	1.847947E-9
-1.355000E+3	1.862052E-9
-1.358600E+3	1.855000E-9
-1.361200E+3	1.862052E-9
-1.364133E+3	1.855000E-9
-1.368067E+3	1.847947E-9
-1.371667E+3	1.840895E-9
-1.373933E+3	1.840895E-9
-1.376867E+3	1.847947E-9
-1.380133E+3	1.855000E-9
-1.382467E+3	1.840895E-9
-1.386333E+3	1.869105E-9
-1.389933E+3	1.862052E-9
-1.393533E+3	1.862052E-9
-1.395800E+3	1.855000E-9
-1.399067E+3	1.855000E-9
-1.399733E+3	1.847947E-9
-1.396800E+3	1.847947E-9
-1.394533E+3	1.847947E-9
-1.391600E+3	1.833842E-9
-1.389267E+3	1.862052E-9
-1.385733E+3	1.862052E-9
-1.383067E+3	1.840895E-9
-1.380800E+3	1.840895E-9
-1.377867E+3	1.847947E-9
-1.374267E+3	1.840895E-9
-1.371000E+3	1.847947E-9
-1.367733E+3	1.833842E-9
-1.365800E+3	1.833842E-9
-1.363467E+3	1.855000E-9
-1.359267E+3	1.847947E-9
-1.355667E+3	1.847947E-9
-1.353667E+3	1.855000E-9
-1.351067E+3	1.855000E-9
-1.347800E+3	1.847947E-9
-1.345200E+3	1.855000E-9
-1.340933E+3	1.869105E-9
-1.337667E+3	1.876158E-9
-1.335400E+3	1.862052E-9
-1.331800E+3	1.876158E-9
-1.327533E+3	1.840895E-9
-1.323933E+3	1.847947E-9
-1.321667E+3	1.869105E-9
-1.318067E+3	1.855000E-9
-1.315133E+3	1.833842E-9
-1.311533E+3	1.847947E-9
-1.309267E+3	1.855000E-9
-1.307333E+3	1.840895E-9
-1.303733E+3	1.855000E-9
-1.300800E+3	1.862052E-9
-1.297200E+3	1.826789E-9
-1.295200E+3	1.840895E-9
-1.292933E+3	1.840895E-9
-1.289333E+3	1.840895E-9
-1.286067E+3	1.855000E-9
-1.283467E+3	1.855000E-9
-1.278867E+3	1.876158E-9
-1.275600E+3	1.847947E-9
-1.273333E+3	1.847947E-9
-1.270400E+3	1.840895E-9
-1.267800E+3	1.862052E-9
-1.264200E+3	1.847947E-9
-1.261600E+3	1.883210E-9
-1.258600E+3	1.847947E-9
-1.256000E+3	1.862052E-9
-1.253067E+3	1.840895E-9
-1.249467E+3	1.819737E-9
-1.245867E+3	1.840895E-9
-1.242267E+3	1.840895E-9
-1.239333E+3	1.855000E-9
-1.236400E+3	1.840895E-9
-1.233133E+3	1.847947E-9
-1.230200E+3	1.840895E-9
-1.227600E+3	1.855000E-9
-1.225000E+3	1.869105E-9
-1.221400E+3	1.862052E-9
-1.218800E+3	1.876158E-9
-1.216800E+3	1.847947E-9
-1.214533E+3	1.862052E-9
-1.211933E+3	1.855000E-9
-1.208667E+3	1.833842E-9
-1.206333E+3	1.876158E-9
-1.203067E+3	1.869105E-9
-1.199200E+3	1.826789E-9
-1.196267E+3	1.847947E-9
-1.193000E+3	1.855000E-9
-1.189400E+3	1.840895E-9
-1.187067E+3	1.847947E-9
-1.183467E+3	1.855000E-9
-1.181533E+3	1.847947E-9
-1.178600E+3	1.869105E-9
-1.175667E+3	1.840895E-9
-1.173667E+3	1.840895E-9
-1.169467E+3	1.855000E-9
-1.166200E+3	1.862052E-9
-1.163600E+3	1.833842E-9
-1.160000E+3	1.855000E-9
-1.157067E+3	1.876158E-9
-1.154067E+3	1.862052E-9
-1.151467E+3	1.855000E-9
-1.148867E+3	1.847947E-9
-1.144933E+3	1.862052E-9
-1.142000E+3	1.826789E-9
-1.139067E+3	1.855000E-9
-1.136800E+3	1.855000E-9
-1.134200E+3	1.855000E-9
-1.131867E+3	1.840895E-9
-1.129267E+3	1.876157E-9
-1.126333E+3	1.840895E-9
-1.122733E+3	1.883210E-9
-1.118467E+3	1.855000E-9
-1.115200E+3	1.862052E-9
-1.111933E+3	1.840895E-9
-1.108067E+3	1.855000E-9
-1.105400E+3	1.847947E-9
-1.102467E+3	1.847947E-9
-1.098867E+3	1.862052E-9
-1.095267E+3	1.840895E-9
-1.092000E+3	1.869105E-9
-1.089400E+3	1.833842E-9
-1.086800E+3	1.862052E-9
-1.084200E+3	1.847947E-9
-1.081600E+3	1.826789E-9
-1.079267E+3	1.847947E-9
-1.076333E+3	1.869105E-9
-1.072733E+3	1.855000E-9
-1.069133E+3	1.855000E-9
-1.065267E+3	1.819737E-9
-1.062933E+3	1.876158E-9
-1.060333E+3	1.840895E-9
-1.056733E+3	1.855000E-9
-1.053133E+3	1.855000E-9
-1.049533E+3	1.847947E-9
-1.046000E+3	1.862052E-9
-1.042733E+3	1.862052E-9
-1.039133E+3	1.876158E-9
-1.037133E+3	1.840895E-9
-1.033867E+3	1.855000E-9
-1.030267E+3	1.862052E-9
-1.027667E+3	1.876158E-9
-1.025067E+3	1.855000E-9
-1.021800E+3	1.847947E-9
-1.019533E+3	1.862052E-9
-1.016600E+3	1.855000E-9
-1.013333E+3	1.855000E-9
-1.010067E+3	1.847947E-9
-1.007067E+3	1.855000E-9
-1.003200E+3	1.890263E-9
-9.996000E+2	1.840895E-9
-9.966667E+2	1.840895E-9
-9.934000E+2	1.833842E-9
-9.907333E+2	1.855000E-9
-9.874667E+2	1.855000E-9
-9.839333E+2	1.840895E-9
-9.809333E+2	1.840895E-9
-9.767333E+2	1.855000E-9
-9.738000E+2	1.847947E-9
-9.698667E+2	1.855000E-9
-9.672667E+2	1.855000E-9
-9.633333E+2	1.862052E-9
-9.604000E+2	1.862052E-9
-9.578000E+2	1.876158E-9
-9.542000E+2	1.840895E-9
-9.518667E+2	1.869105E-9
-9.496000E+2	1.847947E-9
-9.453333E+2	1.855000E-9
-9.414667E+2	1.855000E-9
-9.384667E+2	1.876158E-9
-9.362000E+2	1.847947E-9
-9.329333E+2	1.862052E-9
-9.293333E+2	1.869105E-9
-9.267333E+2	1.869105E-9
-9.241333E+2	1.855000E-9
-9.208667E+2	1.890263E-9
-9.169333E+2	1.840895E-9
-9.136667E+2	1.869105E-9
-9.094000E+2	1.869105E-9
-9.068000E+2	1.840895E-9
-9.042000E+2	1.883210E-9
-9.022667E+2	1.869105E-9
-8.980000E+2	1.876158E-9
-8.954000E+2	1.847947E-9
-8.911333E+2	1.869105E-9
-8.872000E+2	1.904368E-9
-8.836000E+2	1.833842E-9
-8.813333E+2	1.897315E-9
-8.777333E+2	1.869105E-9
-8.734667E+2	1.847947E-9
-8.712000E+2	1.876158E-9
-8.689333E+2	1.869105E-9
-8.666000E+2	1.876158E-9
-8.630667E+2	1.883210E-9
-8.594667E+2	1.869105E-9
-8.565333E+2	1.869105E-9
-8.532667E+2	1.904368E-9
-8.496667E+2	1.883210E-9
-8.467333E+2	1.862052E-9
-8.447333E+2	1.855000E-9
-8.418000E+2	1.897315E-9
-8.382000E+2	1.869105E-9
-8.352667E+2	1.890263E-9
-8.326667E+2	1.890263E-9
-8.300667E+2	1.876158E-9
-8.271333E+2	1.897315E-9
-8.241333E+2	1.862052E-9
-8.212000E+2	1.890263E-9
-8.182667E+2	1.897315E-9
-8.153333E+2	1.869105E-9
-8.120667E+2	1.883210E-9
-8.091333E+2	1.883210E-9
-8.058667E+2	1.890263E-9
-8.022667E+2	1.883210E-9
-7.986667E+2	1.897315E-9
-7.947333E+2	1.897315E-9
-7.914667E+2	1.911420E-9
-7.892000E+2	1.890263E-9
-7.866000E+2	1.876158E-9
-7.826667E+2	1.897315E-9
-7.797333E+2	1.904368E-9
-7.758000E+2	1.904368E-9
-7.722000E+2	1.904368E-9
-7.696000E+2	1.904368E-9
-7.666667E+2	1.918473E-9
-7.627333E+2	1.897315E-9
-7.588000E+2	1.925525E-9
-7.558667E+2	1.939630E-9
-7.520000E+2	1.918473E-9
-7.493333E+2	1.918473E-9
-7.460667E+2	1.904368E-9
-7.434667E+2	1.925525E-9
-7.398667E+2	1.890263E-9
-7.369333E+2	1.925525E-9
-7.336667E+2	1.883210E-9
-7.300667E+2	1.939630E-9
-7.264667E+2	1.911420E-9
-7.219333E+2	1.925525E-9
-7.186667E+2	1.918473E-9
-7.154000E+2	1.939630E-9
-7.124667E+2	1.925525E-9
-7.101333E+2	1.925525E-9
-7.075333E+2	1.946683E-9
-7.046000E+2	1.918473E-9
-7.023333E+2	1.953735E-9
-6.997333E+2	1.967841E-9
-6.954667E+2	1.932578E-9
-6.918667E+2	1.953735E-9
-6.879333E+2	1.932578E-9
-6.853333E+2	1.953735E-9
-6.817333E+2	1.953735E-9
-6.784667E+2	1.946683E-9
-6.752000E+2	1.946683E-9
-6.722667E+2	1.967840E-9
-6.696667E+2	1.960788E-9
-6.673333E+2	1.967840E-9
-6.650667E+2	1.974893E-9
-6.621333E+2	1.946683E-9
-6.588667E+2	1.974893E-9
-6.549333E+2	1.988998E-9
-6.513333E+2	1.981946E-9
-6.480667E+2	1.981946E-9
-6.444667E+2	1.974893E-9
-6.406000E+2	1.981946E-9
-6.376667E+2	1.967840E-9
-6.353333E+2	1.996051E-9
-6.324000E+2	1.981946E-9
-6.298000E+2	1.988998E-9
-6.265333E+2	1.996051E-9
-6.229333E+2	2.010156E-9
-6.203333E+2	2.003103E-9
-6.167333E+2	2.031314E-9
-6.138000E+2	2.017209E-9
-6.112000E+2	2.017209E-9
-6.079333E+2	2.017209E-9
-6.033333E+2	2.031314E-9
-5.994000E+2	2.010156E-9
-5.961333E+2	2.024261E-9
-5.932000E+2	2.024261E-9
-5.899333E+2	2.038366E-9
-5.866667E+2	2.038366E-9
-5.840667E+2	2.038366E-9
-5.811333E+2	2.045419E-9
-5.778667E+2	2.024261E-9
-5.752667E+2	2.038366E-9
-5.726000E+2	2.045419E-9
-5.703333E+2	2.066577E-9
-5.680667E+2	2.052472E-9
-5.654667E+2	2.066577E-9
-5.631333E+2	2.052472E-9
-5.598667E+2	2.066577E-9
-5.566000E+2	2.073629E-9
-5.533333E+2	2.080682E-9
-5.497333E+2	2.087734E-9
-5.464667E+2	2.087735E-9
-5.429333E+2	2.066577E-9
-5.390000E+2	2.108892E-9
-5.364000E+2	2.087735E-9
-5.340667E+2	2.101840E-9
-5.301333E+2	2.137103E-9
-5.266000E+2	2.094787E-9
-5.223333E+2	2.122997E-9
-5.203333E+2	2.130050E-9
-5.168000E+2	2.122997E-9
-5.135333E+2	2.144155E-9
-5.099333E+2	2.144155E-9
-5.063333E+2	2.144155E-9
-5.034000E+2	2.158260E-9
-5.010667E+2	2.137102E-9
-4.984667E+2	2.151207E-9
-4.965333E+2	2.130050E-9
-4.936000E+2	2.151207E-9
-4.900000E+2	2.172365E-9
-4.867333E+2	2.179418E-9
-4.834667E+2	2.172365E-9
-4.798667E+2	2.165312E-9
-4.772667E+2	2.165312E-9
-4.743333E+2	2.207628E-9
-4.716667E+2	2.214680E-9
-4.694000E+2	2.172365E-9
-4.671333E+2	2.172365E-9
-4.628667E+2	2.207628E-9
-4.596000E+2	2.207628E-9
-4.573333E+2	2.221733E-9
-4.530667E+2	2.200575E-9
-4.488000E+2	2.200575E-9
-4.462000E+2	2.214680E-9
-4.436000E+2	2.228786E-9
-4.406667E+2	2.249943E-9
-4.377333E+2	2.235838E-9
-4.348000E+2	2.242891E-9
-4.312000E+2	2.271101E-9
-4.286000E+2	2.271101E-9
-4.250000E+2	2.264048E-9
-4.214000E+2	2.278153E-9
-4.174667E+2	2.278153E-9
-4.138667E+2	2.271101E-9
-4.109333E+2	2.264048E-9
-4.083333E+2	2.299311E-9
-4.054000E+2	2.285206E-9
-4.008000E+2	2.292258E-9
-3.972000E+2	2.313416E-9
-3.932667E+2	2.299311E-9
-3.896667E+2	2.299311E-9
-3.877333E+2	2.299311E-9
-3.841333E+2	2.334574E-9
-3.818667E+2	2.334574E-9
-3.782667E+2	2.348679E-9
-3.750000E+2	2.327521E-9
-3.720667E+2	2.348679E-9
-3.681333E+2	2.362784E-9
-3.655333E+2	2.369837E-9
-3.619333E+2	2.362784E-9
-3.593333E+2	2.390994E-9
-3.554000E+2	2.362784E-9
-3.528000E+2	2.390994E-9
-3.488667E+2	2.390994E-9
-3.456000E+2	2.419205E-9
-3.430000E+2	2.390994E-9
-3.404000E+2	2.412152E-9
-3.368000E+2	2.383942E-9
-3.332000E+2	2.412152E-9
-3.308667E+2	2.412152E-9
-3.282667E+2	2.419205E-9
-3.260000E+2	2.419205E-9
-3.237333E+2	2.412152E-9
-3.214000E+2	2.426257E-9
-3.194667E+2	2.419205E-9
-3.165333E+2	2.405100E-9
-3.132667E+2	2.426257E-9
-3.100000E+2	2.454468E-9
-3.064000E+2	2.433310E-9
-3.021333E+2	2.440363E-9
-2.995333E+2	2.440363E-9
-2.956000E+2	2.475625E-9
-2.920000E+2	2.461520E-9
-2.897333E+2	2.468573E-9
-2.854667E+2	2.475625E-9
-2.822000E+2	2.482678E-9
-2.783333E+2	2.461520E-9
-2.744000E+2	2.510888E-9
-2.711333E+2	2.503835E-9
-2.672000E+2	2.517940E-9
-2.639333E+2	2.524993E-9
-2.616667E+2	2.496783E-9
-2.590000E+2	2.546151E-9
-2.551333E+2	2.553203E-9
-2.508667E+2	2.553203E-9
-2.476000E+2	2.553203E-9
-2.446667E+2	2.539098E-9
-2.420667E+2	2.539098E-9
-2.384667E+2	2.567308E-9
-2.358667E+2	2.560256E-9
-2.326000E+2	2.539098E-9
-2.299333E+2	2.546151E-9
-2.260667E+2	2.560256E-9
-2.237333E+2	2.546151E-9
-2.201333E+2	2.553203E-9
-2.165333E+2	2.546151E-9
-2.130000E+2	2.553203E-9
-2.100000E+2	2.546151E-9
-2.074000E+2	2.539098E-9
-2.038000E+2	2.574361E-9
-1.999333E+2	2.567308E-9
-1.963333E+2	2.553203E-9
-1.936667E+2	2.567308E-9
-1.901333E+2	2.581414E-9
-1.868667E+2	2.560256E-9
-1.829333E+2	2.581414E-9
-1.790000E+2	2.581414E-9
-1.757333E+2	2.567308E-9
-1.731333E+2	2.588466E-9
-1.698667E+2	2.560256E-9
-1.652667E+2	2.581414E-9
-1.626667E+2	2.567308E-9
-1.594000E+2	2.560256E-9
-1.554667E+2	2.567308E-9
-1.525333E+2	2.560256E-9
-1.499333E+2	2.553203E-9
-1.466667E+2	2.553203E-9
-1.437333E+2	2.581414E-9
-1.401333E+2	2.553203E-9
-1.358667E+2	2.581414E-9
-1.326000E+2	2.567308E-9
-1.296667E+2	2.539098E-9
-1.260667E+2	2.567308E-9
-1.221333E+2	2.546151E-9
-1.185333E+2	2.567308E-9
-1.150000E+2	2.567308E-9
-1.110667E+2	2.574361E-9
-1.071333E+2	2.539098E-9
-1.052000E+2	2.553203E-9
-1.025333E+2	2.560256E-9
-9.960000E+1	2.574361E-9
-9.566667E+1	2.532045E-9
-9.180000E+1	2.546151E-9
-8.886667E+1	2.546151E-9
-8.493333E+1	2.553203E-9
-8.100000E+1	2.532045E-9
-7.840000E+1	2.510888E-9
-7.546667E+1	2.546151E-9
-7.153333E+1	2.524993E-9
-6.793333E+1	2.524993E-9
-6.500000E+1	2.539098E-9
-6.206667E+1	2.532045E-9
-5.846667E+1	2.517940E-9
-5.386667E+1	2.532045E-9
-5.160000E+1	2.503835E-9
-4.933333E+1	2.524993E-9
-4.700000E+1	2.510888E-9
-4.440000E+1	2.510888E-9
-4.213333E+1	2.503835E-9
-3.853333E+1	2.503835E-9
-3.460000E+1	2.496783E-9
-3.166667E+1	2.482678E-9
-2.806667E+1	2.524993E-9
-2.613333E+1	2.489730E-9
-2.320000E+1	2.510888E-9
-2.086667E+1	2.489730E-9
-1.826667E+1	2.475625E-9
-1.433333E+1	2.475625E-9
-1.106667E+1	2.475625E-9
-8.466667E+0	2.475625E-9
-3.933333E+0	2.461520E-9
-6.666667E-1	2.440363E-9
2.333333E+0	2.433310E-9
6.200000E+0	2.461520E-9
9.133333E+0	2.454468E-9
1.240000E+1	2.447415E-9
1.540000E+1	2.454468E-9
1.800000E+1	2.447415E-9
2.220000E+1	2.433310E-9
2.486667E+1	2.412152E-9
2.746667E+1	2.405100E-9
3.233333E+1	2.433310E-9
3.593333E+1	2.419205E-9
3.953333E+1	2.426257E-9
4.280000E+1	2.405100E-9
4.606667E+1	2.419205E-9
4.833333E+1	2.390994E-9
5.100000E+1	2.390994E-9
5.460000E+1	2.390994E-9
5.686667E+1	2.362784E-9
5.946667E+1	2.405100E-9
6.206667E+1	2.390994E-9
6.566667E+1	2.369837E-9
6.926667E+1	2.369837E-9
7.286667E+1	2.369837E-9
7.613333E+1	2.369837E-9
7.873333E+1	2.348679E-9
8.266667E+1	2.348679E-9
8.560000E+1	2.376889E-9
8.953333E+1	2.383942E-9
9.180000E+1	2.348679E-9
9.506667E+1	2.320468E-9
9.800000E+1	2.299311E-9
1.006000E+2	2.306363E-9
1.029333E+2	2.299311E-9
1.055333E+2	2.306363E-9
1.088000E+2	2.292258E-9
1.124000E+2	2.313416E-9
1.153333E+2	2.306364E-9
1.186000E+2	2.292258E-9
1.222000E+2	2.299311E-9
1.248000E+2	2.278153E-9
1.287333E+2	2.292258E-9
1.306667E+2	2.271101E-9
1.342667E+2	2.256996E-9
1.368667E+2	2.271101E-9
1.398000E+2	2.249943E-9
1.418000E+2	2.271101E-9
1.440667E+2	2.256996E-9
1.480000E+2	2.249943E-9
1.516000E+2	2.264048E-9
1.545333E+2	2.235838E-9
1.578000E+2	2.221733E-9
1.607333E+2	2.200575E-9
1.640000E+2	2.235838E-9
1.659333E+2	2.235838E-9
1.686000E+2	2.228786E-9
1.722000E+2	2.228786E-9
1.760667E+2	2.214680E-9
1.790000E+2	2.200575E-9
1.816667E+2	2.179417E-9
1.839333E+2	2.235838E-9
1.882000E+2	2.207628E-9
1.901333E+2	2.172365E-9
1.934000E+2	2.165312E-9
1.973333E+2	2.172365E-9
2.009333E+2	2.186470E-9
2.038667E+2	2.172365E-9
2.061333E+2	2.165312E-9
2.094000E+2	2.165313E-9
2.126667E+2	2.165312E-9
2.162667E+2	2.151207E-9
2.202000E+2	2.130050E-9
2.224667E+2	2.130050E-9
2.254000E+2	2.122997E-9
2.277333E+2	2.130050E-9
2.296667E+2	2.137102E-9
2.322667E+2	2.137102E-9
2.348667E+2	2.137102E-9
2.388000E+2	2.108892E-9
2.414000E+2	2.115945E-9
2.450000E+2	2.115945E-9
2.470000E+2	2.087735E-9
2.496000E+2	2.094787E-9
2.522000E+2	2.080682E-9
2.551333E+2	2.108892E-9
2.584000E+2	2.087735E-9
2.610000E+2	2.101840E-9
2.636667E+2	2.108892E-9
2.669333E+2	2.066577E-9
2.708000E+2	2.080682E-9
2.734667E+2	2.066577E-9
2.760667E+2	2.080682E-9
2.786667E+2	2.066577E-9
2.816000E+2	2.073629E-9
2.838667E+2	2.031314E-9
2.868000E+2	2.059524E-9
2.894667E+2	2.059524E-9
2.927333E+2	2.073629E-9
2.953333E+2	2.066577E-9
2.979333E+2	2.031314E-9
3.015333E+2	2.045419E-9
3.048000E+2	2.031314E-9
3.090667E+2	2.038366E-9
3.120000E+2	2.031314E-9
3.142667E+2	2.031314E-9
3.165333E+2	2.031314E-9
3.192000E+2	2.024261E-9
3.227333E+2	2.003103E-9
3.270000E+2	2.003103E-9
3.302667E+2	1.996051E-9
3.342000E+2	2.017209E-9
3.374667E+2	2.010156E-9
3.394000E+2	2.010156E-9
3.433333E+2	2.003103E-9
3.469333E+2	1.988998E-9
3.502000E+2	2.010156E-9
3.524667E+2	1.981946E-9
3.554000E+2	1.988998E-9
3.584000E+2	1.988998E-9
3.610000E+2	1.974893E-9
3.642667E+2	1.960788E-9
3.678667E+2	1.925525E-9
3.717333E+2	1.967841E-9
3.753333E+2	1.967840E-9
3.782667E+2	1.946683E-9
3.809333E+2	1.932578E-9
3.835333E+2	1.953735E-9
3.864667E+2	1.946683E-9
3.890667E+2	1.953735E-9
3.923333E+2	1.939630E-9
3.946000E+2	1.932578E-9
3.982000E+2	1.904368E-9
4.018000E+2	1.939630E-9
4.038000E+2	1.911420E-9
4.067333E+2	1.939630E-9
4.106667E+2	1.918473E-9
4.136000E+2	1.932578E-9
4.162000E+2	1.932578E-9
4.188000E+2	1.925525E-9
4.220667E+2	1.932578E-9
4.263333E+2	1.918473E-9
4.289333E+2	1.911420E-9
4.315333E+2	1.911420E-9
4.344667E+2	1.918472E-9
4.377333E+2	1.904368E-9
4.403333E+2	1.925525E-9
4.449333E+2	1.897315E-9
4.475333E+2	1.911420E-9
4.501333E+2	1.911420E-9
4.537333E+2	1.897315E-9
4.564000E+2	1.904368E-9
4.586667E+2	1.904368E-9
4.606000E+2	1.890263E-9
4.635333E+2	1.897315E-9
4.671333E+2	1.876157E-9
4.707333E+2	1.897315E-9
4.746667E+2	1.911420E-9
4.769333E+2	1.862052E-9
4.798667E+2	1.883210E-9
4.838000E+2	1.897315E-9
4.874000E+2	1.876158E-9
4.910000E+2	1.883210E-9
4.949333E+2	1.862052E-9
4.978667E+2	1.883210E-9
5.008000E+2	1.883210E-9
5.044000E+2	1.869105E-9
5.076667E+2	1.876158E-9
5.102667E+2	1.869105E-9
5.135333E+2	1.890263E-9
5.154667E+2	1.869105E-9
5.187333E+2	1.897315E-9
5.214000E+2	1.869105E-9
5.252667E+2	1.883210E-9
5.272667E+2	1.862052E-9
5.305333E+2	1.883210E-9
5.334667E+2	1.862052E-9
5.367333E+2	1.862052E-9
5.396667E+2	1.869105E-9
5.419333E+2	1.855000E-9
5.462000E+2	1.869105E-9
5.488000E+2	1.862052E-9
5.524000E+2	1.847947E-9
5.563333E+2	1.862052E-9
5.599333E+2	1.869105E-9
5.635333E+2	1.826789E-9
5.664667E+2	1.840895E-9
5.700667E+2	1.862052E-9
5.723333E+2	1.855000E-9
5.746000E+2	1.876158E-9
5.778667E+2	1.876158E-9
5.805333E+2	1.876157E-9
5.838000E+2	1.862052E-9
5.873333E+2	1.862052E-9
5.903333E+2	1.869105E-9
5.932667E+2	1.847947E-9
5.952000E+2	1.862052E-9
5.984667E+2	1.862052E-9
6.014000E+2	1.840895E-9
6.034000E+2	1.840895E-9
6.072667E+2	1.840895E-9
6.096000E+2	1.869105E-9
6.118667E+2	1.876158E-9
6.148000E+2	1.847947E-9
6.167333E+2	1.826789E-9
6.197333E+2	1.833842E-9
6.220000E+2	1.833842E-9
6.256000E+2	1.840895E-9
6.288667E+2	1.840895E-9
6.311333E+2	1.840895E-9
6.330667E+2	1.840895E-9
6.370000E+2	1.826789E-9
6.393333E+2	1.869105E-9
6.426000E+2	1.869105E-9
6.464667E+2	1.869105E-9
6.500667E+2	1.847947E-9
6.536667E+2	1.833842E-9
6.572667E+2	1.869105E-9
6.605333E+2	1.847947E-9
6.644667E+2	1.833842E-9
6.674000E+2	1.869105E-9
6.693333E+2	1.833842E-9
6.729333E+2	1.833842E-9
6.755333E+2	1.819737E-9
6.791333E+2	1.840895E-9
6.811333E+2	1.840895E-9
6.840667E+2	1.862052E-9
6.873333E+2	1.855000E-9
6.899333E+2	1.833842E-9
6.938667E+2	1.840895E-9
6.964667E+2	1.819737E-9
6.987333E+2	1.833842E-9
7.020000E+2	1.833842E-9
7.049333E+2	1.826789E-9
7.079333E+2	1.847947E-9
7.105333E+2	1.812684E-9
7.134667E+2	1.826789E-9
7.164000E+2	1.840895E-9
7.186667E+2	1.840895E-9
7.222667E+2	1.833842E-9
7.258667E+2	1.840895E-9
7.281333E+2	1.833842E-9
7.310667E+2	1.826789E-9
7.330667E+2	1.819737E-9
7.353333E+2	1.826789E-9
7.376000E+2	1.833842E-9
7.412000E+2	1.833842E-9
7.448000E+2	1.798579E-9
7.471333E+2	1.855000E-9
7.494000E+2	1.833842E-9
7.526667E+2	1.833842E-9
7.546000E+2	1.840895E-9
7.572000E+2	1.847947E-9
7.598667E+2	1.826789E-9
7.628000E+2	1.840895E-9
7.657333E+2	1.833842E-9
7.693333E+2	1.826789E-9
7.716000E+2	1.833842E-9
7.735333E+2	1.833842E-9
7.774667E+2	1.826789E-9
7.810667E+2	1.826789E-9
7.836667E+2	1.855000E-9
7.863333E+2	1.833842E-9
7.898667E+2	1.855000E-9
7.922000E+2	1.840895E-9
7.954667E+2	1.840895E-9
7.990667E+2	1.840895E-9
8.020000E+2	1.812684E-9
8.042667E+2	1.840895E-9
8.075333E+2	1.819737E-9
8.111333E+2	1.812684E-9
8.147333E+2	1.819737E-9
8.176667E+2	1.819737E-9
8.216000E+2	1.826789E-9
8.242000E+2	1.840895E-9
8.278000E+2	1.826789E-9
8.310667E+2	1.819737E-9
8.340000E+2	1.826789E-9
8.366000E+2	1.819737E-9
8.398667E+2	1.840895E-9
8.428000E+2	1.819737E-9
8.467333E+2	1.819737E-9
8.503333E+2	1.833842E-9
8.542667E+2	1.812684E-9
8.572000E+2	1.847947E-9
8.591333E+2	1.833842E-9
8.624000E+2	1.805632E-9
8.656667E+2	1.833842E-9
8.682667E+2	1.847947E-9
8.715333E+2	1.826789E-9
8.745333E+2	1.847947E-9
8.774667E+2	1.840895E-9
8.813333E+2	1.812684E-9
8.849333E+2	1.826789E-9
8.882000E+2	1.840895E-9
8.911333E+2	1.833842E-9
8.941333E+2	1.819737E-9
8.970667E+2	1.826789E-9
8.993333E+2	1.819737E-9
9.029333E+2	1.826789E-9
9.072000E+2	1.819737E-9
9.107333E+2	1.833842E-9
9.143333E+2	1.833842E-9
9.176000E+2	1.819737E-9
9.208667E+2	1.840895E-9
9.232000E+2	1.833842E-9
9.261333E+2	1.819737E-9
9.294000E+2	1.840895E-9
9.323333E+2	1.833842E-9
9.352667E+2	1.840895E-9
9.385333E+2	1.847947E-9
9.414667E+2	1.840895E-9
9.440667E+2	1.826789E-9
9.466667E+2	1.840895E-9
9.486667E+2	1.819737E-9
9.519333E+2	1.812684E-9
9.548667E+2	1.819737E-9
9.574667E+2	1.855000E-9
9.604000E+2	1.840895E-9
9.630000E+2	1.840895E-9
9.653333E+2	1.847947E-9
9.686000E+2	1.840895E-9
9.715333E+2	1.812684E-9
9.738000E+2	1.812684E-9
9.767333E+2	1.826789E-9
9.787333E+2	1.826789E-9
9.810000E+2	1.847947E-9
9.839333E+2	1.847947E-9
9.858667E+2	1.833842E-9
9.894667E+2	1.840895E-9
9.918000E+2	1.826789E-9
9.940667E+2	1.819737E-9
9.976667E+2	1.826789E-9
1.000600E+3	1.819737E-9
1.004200E+3	1.833842E-9
1.007800E+3	1.826789E-9
1.011400E+3	1.826789E-9
1.014000E+3	1.847947E-9
1.015933E+3	1.840895E-9
1.018867E+3	1.826789E-9
1.021533E+3	1.826789E-9
1.025067E+3	1.812684E-9
1.027067E+3	1.833842E-9
1.030000E+3	1.819737E-9
1.034267E+3	1.819737E-9
1.037200E+3	1.812684E-9
1.039800E+3	1.826789E-9
1.043733E+3	1.805632E-9
1.045667E+3	1.840895E-9
1.048933E+3	1.826789E-9
1.052867E+3	1.833842E-9
1.057133E+3	1.833842E-9
1.059733E+3	1.833842E-9
1.063667E+3	1.826789E-9
1.067267E+3	1.819737E-9
1.071467E+3	1.826789E-9
1.075067E+3	1.826789E-9
1.078667E+3	1.819737E-9
1.081267E+3	1.840895E-9
1.083600E+3	1.819737E-9
1.086533E+3	1.847947E-9
1.089467E+3	1.833842E-9
1.093400E+3	1.847947E-9
1.097600E+3	1.833842E-9
1.100867E+3	1.826789E-9
1.103467E+3	1.819737E-9
1.105467E+3	1.833842E-9
1.109067E+3	1.812684E-9
1.111667E+3	1.833842E-9
1.114600E+3	1.833842E-9
1.117200E+3	1.812684E-9
1.121133E+3	1.847947E-9
1.124067E+3	1.798579E-9
1.127333E+3	1.840895E-9
1.130600E+3	1.833842E-9
1.132600E+3	1.826789E-9
1.135533E+3	1.840895E-9
1.139400E+3	1.847947E-9
1.142400E+3	1.819737E-9
1.146267E+3	1.826789E-9
1.148267E+3	1.840895E-9
1.151200E+3	1.812684E-9
1.154133E+3	1.812684E-9
1.157067E+3	1.840895E-9
1.160333E+3	1.819737E-9
1.162933E+3	1.847947E-9
1.166533E+3	1.826789E-9
1.170133E+3	1.826789E-9
1.173733E+3	1.833842E-9
1.177333E+3	1.805632E-9
1.180933E+3	1.833842E-9
1.183867E+3	1.833842E-9
1.187133E+3	1.840895E-9
1.190733E+3	1.840895E-9
1.194333E+3	1.826789E-9
1.196933E+3	1.826789E-9
1.200867E+3	1.819737E-9
1.203800E+3	1.826789E-9
1.207733E+3	1.805632E-9
1.210333E+3	1.805632E-9
1.212933E+3	1.847947E-9
1.215200E+3	1.819737E-9
1.218467E+3	1.819737E-9
1.221733E+3	1.826789E-9
1.224667E+3	1.819737E-9
1.227933E+3	1.826789E-9
1.231867E+3	1.833842E-9
1.235133E+3	1.826789E-9
1.238733E+3	1.805632E-9
1.242333E+3	1.840895E-9
1.245933E+3	1.840895E-9
1.248533E+3	1.840895E-9
1.251133E+3	1.805632E-9
1.254400E+3	1.791526E-9
1.258333E+3	1.819737E-9
1.262267E+3	1.819737E-9
1.265200E+3	1.855000E-9
1.268467E+3	1.826789E-9
1.272733E+3	1.812684E-9
1.275667E+3	1.826789E-9
1.277933E+3	1.805632E-9
1.281533E+3	1.826789E-9
1.284800E+3	1.826789E-9
1.287733E+3	1.826789E-9
1.291333E+3	1.855000E-9
1.293933E+3	1.833842E-9
1.297867E+3	1.812684E-9
1.301467E+3	1.833842E-9
1.304067E+3	1.812684E-9
1.307667E+3	1.805632E-9
1.309933E+3	1.805632E-9
1.313533E+3	1.826789E-9
1.316467E+3	1.819737E-9
1.318800E+3	1.805632E-9
1.322067E+3	1.840895E-9
1.325933E+3	1.847947E-9
1.329533E+3	1.826789E-9
1.331867E+3	1.805632E-9
1.335400E+3	1.826789E-9
1.338667E+3	1.819737E-9
1.342933E+3	1.840895E-9
1.346200E+3	1.819737E-9
1.350133E+3	1.819737E-9
1.353400E+3	1.812684E-9
1.356667E+3	1.833842E-9
1.359267E+3	1.812684E-9
1.362533E+3	1.798579E-9
1.365467E+3	1.847947E-9
1.368733E+3	1.798579E-9
1.371667E+3	1.819737E-9
1.374600E+3	1.791526E-9
1.377267E+3	1.798579E-9
1.379867E+3	1.826789E-9
1.382133E+3	1.847947E-9
1.384133E+3	1.805632E-9
1.388000E+3	1.819737E-9
1.390333E+3	1.812684E-9
1.392933E+3	1.826789E-9
1.395533E+3	1.819737E-9
1.399133E+3	1.826789E-9
