-3.333333E-1	2.292258E-9
-3.600000E+0	2.292258E-9
-6.200000E+0	2.299311E-9
-9.800000E+0	2.320468E-9
-1.306667E+1	2.313416E-9
-1.566667E+1	2.292258E-9
-1.960000E+1	2.292258E-9
-2.320000E+1	2.313416E-9
-2.680000E+1	2.313416E-9
-2.906667E+1	2.313416E-9
-3.300000E+1	2.327521E-9
-3.560000E+1	2.320468E-9
-3.953333E+1	2.299311E-9
-4.340000E+1	2.306363E-9
-4.733333E+1	2.299311E-9
-5.160000E+1	2.299311E-9
-5.453333E+1	2.299311E-9
-5.646667E+1	2.299311E-9
-6.040000E+1	2.306363E-9
-6.333333E+1	2.320468E-9
-6.693333E+1	2.313416E-9
-7.020000E+1	2.320468E-9
-7.380000E+1	2.327521E-9
-7.806667E+1	2.292258E-9
-8.133333E+1	2.327521E-9
-8.460000E+1	2.292258E-9
-8.686667E+1	2.285206E-9
-9.013333E+1	2.285206E-9
-9.273333E+1	2.313416E-9
-9.600000E+1	2.320468E-9
-9.866667E+1	2.299311E-9
-1.009333E+2	2.299311E-9
-1.035333E+2	2.264048E-9
-1.078000E+2	2.271101E-9
-1.114000E+2	2.285206E-9
-1.143333E+2	2.292258E-9
-1.169333E+2	2.292258E-9
-1.205333E+2	2.271101E-9
-1.248000E+2	2.264048E-9
-1.283333E+2	2.264048E-9
-1.316000E+2	2.256996E-9
-1.346000E+2	2.285206E-9
-1.372000E+2	2.249943E-9
-1.401333E+2	2.264048E-9
-1.434000E+2	2.271101E-9
-1.470000E+2	2.271101E-9
-1.509333E+2	2.271101E-9
-1.538667E+2	2.249943E-9
-1.574667E+2	2.235838E-9
-1.600667E+2	2.242891E-9
-1.640000E+2	2.214680E-9
-1.669333E+2	2.242891E-9
-1.708000E+2	2.228786E-9
-1.754000E+2	2.207628E-9
-1.783333E+2	2.264048E-9
-1.819333E+2	2.214680E-9
-1.855333E+2	2.214680E-9
-1.888000E+2	2.228786E-9
-1.920667E+2	2.207628E-9
-1.960000E+2	2.207628E-9
-1.999333E+2	2.214680E-9
-2.025333E+2	2.193523E-9
-2.067333E+2	2.214680E-9
-2.100000E+2	2.207628E-9
-2.132667E+2	2.186470E-9
-2.172000E+2	2.193523E-9
-2.214667E+2	2.186470E-9
-2.244000E+2	2.144155E-9
-2.276667E+2	2.186470E-9
-2.316000E+2	2.165312E-9
-2.342000E+2	2.165312E-9
-2.381333E+2	2.186470E-9
-2.400667E+2	2.158260E-9
-2.436667E+2	2.165312E-9
-2.476000E+2	2.151207E-9
-2.512000E+2	2.172365E-9
-2.551333E+2	2.137102E-9
-2.590000E+2	2.144155E-9
-2.622667E+2	2.137102E-9
-2.662000E+2	2.130050E-9
-2.685333E+2	2.115945E-9
-2.718000E+2	2.115945E-9
-2.750667E+2	2.101840E-9
-2.789333E+2	2.094787E-9
-2.816000E+2	2.094787E-9
-2.845333E+2	2.108892E-9
-2.874667E+2	2.080682E-9
-2.900667E+2	2.108892E-9
-2.926667E+2	2.087735E-9
-2.952667E+2	2.059524E-9
-2.976000E+2	2.052472E-9
-3.002000E+2	2.073629E-9
-3.031333E+2	2.080682E-9
-3.064000E+2	2.052472E-9
-3.096667E+2	2.052472E-9
-3.139333E+2	2.059524E-9
-3.168667E+2	2.052472E-9
-3.204667E+2	2.038366E-9
-3.227333E+2	2.010156E-9
-3.256667E+2	2.017209E-9
-3.289333E+2	2.003103E-9
-3.315333E+2	2.045419E-9
-3.338667E+2	2.045419E-9
-3.358000E+2	2.031314E-9
-3.387333E+2	2.024261E-9
-3.423333E+2	2.024261E-9
-3.452667E+2	2.003103E-9
-3.475333E+2	2.010156E-9
-3.492000E+2	2.010156E-9
-3.524667E+2	1.988998E-9
-3.550667E+2	2.003103E-9
-3.583333E+2	1.996051E-9
-3.616000E+2	1.974893E-9
-3.652000E+2	1.960788E-9
-3.681333E+2	1.974893E-9
-3.714000E+2	1.967841E-9
-3.746667E+2	1.967840E-9
-3.766000E+2	1.946683E-9
-3.789333E+2	1.939630E-9
-3.808667E+2	1.953735E-9
-3.841333E+2	1.946683E-9
-3.877333E+2	1.932578E-9
-3.916667E+2	1.925525E-9
-3.942667E+2	1.925525E-9
-3.975333E+2	1.932578E-9
-4.008000E+2	1.946683E-9
-4.044000E+2	1.939630E-9
-4.066667E+2	1.932578E-9
-4.099333E+2	1.932578E-9
-4.125333E+2	1.911420E-9
-4.145333E+2	1.918473E-9
-4.174667E+2	1.932578E-9
-4.214000E+2	1.904368E-9
-4.240000E+2	1.925525E-9
-4.276000E+2	1.904368E-9
-4.312000E+2	1.918473E-9
-4.338000E+2	1.918473E-9
-4.367333E+2	1.890263E-9
-4.386667E+2	1.911420E-9
-4.413333E+2	1.911420E-9
-4.452000E+2	1.883210E-9
-4.488000E+2	1.890263E-9
-4.514667E+2	1.869105E-9
-4.537333E+2	1.883210E-9
-4.560000E+2	1.869105E-9
-4.596000E+2	1.883210E-9
-4.625333E+2	1.833842E-9
-4.658000E+2	1.855000E-9
-4.694000E+2	1.855000E-9
-4.723333E+2	1.862052E-9
-4.762667E+2	1.847947E-9
-4.798667E+2	1.847947E-9
-4.834667E+2	1.833842E-9
-4.870667E+2	1.840895E-9
-4.900000E+2	1.812684E-9
-4.922667E+2	1.819737E-9
-4.955333E+2	1.819737E-9
-4.984667E+2	1.819737E-9
-5.017333E+2	1.805632E-9
-5.043333E+2	1.833842E-9
-5.072667E+2	1.840895E-9
-5.102667E+2	1.833842E-9
-5.138000E+2	1.819737E-9
-5.161333E+2	1.784474E-9
-5.203333E+2	1.805632E-9
-5.236000E+2	1.812684E-9
-5.266000E+2	1.777421E-9
-5.295333E+2	1.798579E-9
-5.321333E+2	1.826789E-9
-5.347333E+2	1.805632E-9
-5.370000E+2	1.777421E-9
-5.402667E+2	1.805632E-9
-5.426000E+2	1.784474E-9
-5.448667E+2	1.791526E-9
-5.471333E+2	1.784474E-9
-5.497333E+2	1.784474E-9
-5.533333E+2	1.798579E-9
-5.569333E+2	1.812684E-9
-5.595333E+2	1.798579E-9
-5.622000E+2	1.805632E-9
-5.641333E+2	1.805632E-9
-5.660667E+2	1.777421E-9
-5.693333E+2	1.805632E-9
-5.723333E+2	1.770369E-9
-5.746000E+2	1.805632E-9
-5.775333E+2	1.805632E-9
-5.804667E+2	1.777421E-9
-5.837333E+2	1.791526E-9
-5.860000E+2	1.777421E-9
-5.896000E+2	1.784474E-9
-5.932000E+2	1.777421E-9
-5.961333E+2	1.791526E-9
-6.000667E+2	1.770369E-9
-6.033333E+2	1.777421E-9
-6.052667E+2	1.805632E-9
-6.085333E+2	1.749211E-9
-6.121333E+2	1.770369E-9
-6.154000E+2	1.777421E-9
-6.177333E+2	1.756263E-9
-6.210000E+2	1.798579E-9
-6.232667E+2	1.763316E-9
-6.265333E+2	1.763316E-9
-6.294667E+2	1.777421E-9
-6.327333E+2	1.742158E-9
-6.356667E+2	1.749211E-9
-6.376667E+2	1.770369E-9
-6.406000E+2	1.749211E-9
-6.432000E+2	1.749211E-9
-6.461333E+2	1.749211E-9
-6.490667E+2	1.742158E-9
-6.520000E+2	1.749211E-9
-6.559333E+2	1.749211E-9
-6.582000E+2	1.784474E-9
-6.608000E+2	1.742158E-9
-6.634667E+2	1.749211E-9
-6.660667E+2	1.749211E-9
-6.693333E+2	1.749211E-9
-6.736000E+2	1.770369E-9
-6.762000E+2	1.742158E-9
-6.794667E+2	1.742158E-9
-6.827333E+2	1.749211E-9
-6.869333E+2	1.742158E-9
-6.899333E+2	1.728053E-9
-6.938000E+2	1.756264E-9
-6.977333E+2	1.728053E-9
-7.010000E+2	1.749211E-9
-7.032667E+2	1.749211E-9
-7.062667E+2	1.728053E-9
-7.085333E+2	1.735106E-9
-7.108000E+2	1.735106E-9
-7.140667E+2	1.728053E-9
-7.176667E+2	1.749211E-9
-7.212667E+2	1.728053E-9
-7.238667E+2	1.728053E-9
-7.261333E+2	1.721001E-9
-7.288000E+2	1.713948E-9
-7.314000E+2	1.728053E-9
-7.336667E+2	1.735106E-9
-7.372667E+2	1.721001E-9
-7.405333E+2	1.721001E-9
-7.428000E+2	1.706896E-9
-7.454667E+2	1.735106E-9
-7.487333E+2	1.721001E-9
-7.513333E+2	1.721001E-9
-7.552667E+2	1.721001E-9
-7.585333E+2	1.721001E-9
-7.618000E+2	1.749211E-9
-7.647333E+2	1.742158E-9
-7.683333E+2	1.721001E-9
-7.716000E+2	1.735106E-9
-7.738667E+2	1.728053E-9
-7.764667E+2	1.749211E-9
-7.797333E+2	1.721001E-9
-7.820000E+2	1.699843E-9
-7.859333E+2	1.728053E-9
-7.892000E+2	1.721001E-9
-7.918000E+2	1.713948E-9
-7.941333E+2	1.713948E-9
-7.974000E+2	1.713948E-9
-8.000000E+2	1.713948E-9
-8.019333E+2	1.706896E-9
-8.048667E+2	1.728053E-9
-8.081333E+2	1.728053E-9
-8.101333E+2	1.721001E-9
-8.130667E+2	1.713948E-9
-8.156667E+2	1.713948E-9
-8.199333E+2	1.735106E-9
-8.225333E+2	1.699843E-9
-8.264667E+2	1.713948E-9
-8.290667E+2	1.706896E-9
-8.330000E+2	1.699843E-9
-8.356000E+2	1.721001E-9
-8.388667E+2	1.721001E-9
-8.414667E+2	1.706896E-9
-8.434667E+2	1.699843E-9
-8.454000E+2	1.713948E-9
-8.483333E+2	1.713948E-9
-8.519333E+2	1.699843E-9
-8.558667E+2	1.692791E-9
-8.591333E+2	1.713948E-9
-8.627333E+2	1.713948E-9
-8.666000E+2	1.706896E-9
-8.692667E+2	1.706896E-9
-8.731333E+2	1.728053E-9
-8.764000E+2	1.706896E-9
-8.790667E+2	1.699843E-9
-8.826667E+2	1.728053E-9
-8.868667E+2	1.692791E-9
-8.898000E+2	1.699843E-9
-8.930667E+2	1.692791E-9
-8.973333E+2	1.706896E-9
-9.002667E+2	1.685738E-9
-9.028667E+2	1.685738E-9
-9.058000E+2	1.706896E-9
-9.090667E+2	1.678686E-9
-9.110667E+2	1.706896E-9
-9.140000E+2	1.685738E-9
-9.179333E+2	1.685738E-9
-9.208667E+2	1.692791E-9
-9.244667E+2	1.706896E-9
-9.274000E+2	1.685738E-9
-9.303333E+2	1.685738E-9
-9.336000E+2	1.671633E-9
-9.375333E+2	1.685738E-9
-9.408000E+2	1.678686E-9
-9.434000E+2	1.692791E-9
-9.470000E+2	1.699843E-9
-9.499333E+2	1.678686E-9
-9.522000E+2	1.685738E-9
-9.554667E+2	1.692791E-9
-9.584000E+2	1.692791E-9
-9.604000E+2	1.692791E-9
-9.626667E+2	1.685738E-9
-9.656000E+2	1.713948E-9
-9.692000E+2	1.692791E-9
-9.734667E+2	1.685738E-9
-9.754000E+2	1.678686E-9
-9.780000E+2	1.657528E-9
-9.803333E+2	1.678686E-9
-9.839333E+2	1.692791E-9
-9.874667E+2	1.692791E-9
-9.901333E+2	1.699843E-9
-9.920667E+2	1.678686E-9
-9.943333E+2	1.685738E-9
-9.982667E+2	1.692791E-9
-9.999333E+2	1.678686E-9
-1.001867E+3	1.699843E-9
-1.005467E+3	1.706896E-9
-1.009067E+3	1.685738E-9
-1.011333E+3	1.657528E-9
-1.014600E+3	1.699843E-9
-1.018200E+3	1.671633E-9
-1.020467E+3	1.671633E-9
-1.022800E+3	1.692791E-9
-1.025400E+3	1.671633E-9
-1.029000E+3	1.657528E-9
-1.032600E+3	1.671633E-9
-1.035533E+3	1.678686E-9
-1.037800E+3	1.650475E-9
-1.040400E+3	1.664581E-9
-1.044000E+3	1.685738E-9
-1.046933E+3	1.692791E-9
-1.048933E+3	1.671633E-9
-1.051867E+3	1.678686E-9
-1.056067E+3	1.692791E-9
-1.059667E+3	1.664581E-9
-1.062333E+3	1.685738E-9
-1.065267E+3	1.699843E-9
-1.067867E+3	1.706896E-9
-1.071133E+3	1.678686E-9
-1.073733E+3	1.706896E-9
-1.076667E+3	1.692791E-9
-1.079933E+3	1.678686E-9
-1.082867E+3	1.692791E-9
-1.084867E+3	1.692791E-9
-1.087467E+3	1.699843E-9
-1.091067E+3	1.699843E-9
-1.094000E+3	1.699843E-9
-1.096600E+3	1.699843E-9
-1.099533E+3	1.685738E-9
-1.101800E+3	1.685738E-9
-1.104800E+3	1.721001E-9
-1.108333E+3	1.685738E-9
-1.111000E+3	1.721001E-9
-1.114267E+3	1.692791E-9
-1.116200E+3	1.671633E-9
-1.118800E+3	1.692791E-9
-1.121133E+3	1.692791E-9
-1.124067E+3	1.706896E-9
-1.127000E+3	1.713948E-9
-1.129267E+3	1.699843E-9
-1.132533E+3	1.685738E-9
-1.134800E+3	1.685738E-9
-1.138733E+3	1.671633E-9
-1.142000E+3	1.692791E-9
-1.144267E+3	1.685738E-9
-1.147867E+3	1.692791E-9
-1.151133E+3	1.699843E-9
-1.154400E+3	1.699843E-9
-1.157333E+3	1.699843E-9
-1.160333E+3	1.692791E-9
-1.163600E+3	1.699843E-9
-1.166533E+3	1.685738E-9
-1.169467E+3	1.685738E-9
-1.172733E+3	1.699843E-9
-1.175667E+3	1.706896E-9
-1.178267E+3	1.706896E-9
-1.180533E+3	1.671633E-9
-1.182867E+3	1.692791E-9
-1.186133E+3	1.713948E-9
-1.188733E+3	1.699843E-9
-1.191333E+3	1.699843E-9
-1.194933E+3	1.685738E-9
-1.197533E+3	1.713948E-9
-1.199800E+3	1.692791E-9
-1.202133E+3	1.699843E-9
-1.204733E+3	1.699843E-9
-1.207667E+3	1.692791E-9
-1.209600E+3	1.671633E-9
-1.212267E+3	1.692791E-9
-1.215533E+3	1.692791E-9
-1.219133E+3	1.706896E-9
-1.221733E+3	1.706896E-9
-1.224333E+3	1.664581E-9
-1.227933E+3	1.692791E-9
-1.229867E+3	1.685738E-9
-1.231867E+3	1.692791E-9
-1.234800E+3	1.685738E-9
-1.237400E+3	1.685738E-9
-1.240333E+3	1.692791E-9
-1.243600E+3	1.671633E-9
-1.246533E+3	1.678686E-9
-1.249467E+3	1.699843E-9
-1.253067E+3	1.685738E-9
-1.256333E+3	1.678686E-9
-1.259267E+3	1.678686E-9
-1.262533E+3	1.692791E-9
-1.265800E+3	1.678686E-9
-1.269067E+3	1.699843E-9
-1.271667E+3	1.706896E-9
-1.274000E+3	1.706896E-9
-1.277267E+3	1.692791E-9
-1.280533E+3	1.699843E-9
-1.283133E+3	1.685738E-9
-1.285733E+3	1.678686E-9
-1.289000E+3	1.678686E-9
-1.292267E+3	1.685738E-9
-1.294867E+3	1.671633E-9
-1.298467E+3	1.692791E-9
-1.300800E+3	1.699843E-9
-1.305000E+3	1.671633E-9
-1.307333E+3	1.685738E-9
-1.309933E+3	1.692791E-9
-1.313200E+3	1.685738E-9
-1.315800E+3	1.692791E-9
-1.318067E+3	1.664581E-9
-1.320400E+3	1.692791E-9
-1.322333E+3	1.699843E-9
-1.325933E+3	1.692791E-9
-1.329200E+3	1.692791E-9
-1.331800E+3	1.706896E-9
-1.334400E+3	1.692791E-9
-1.336400E+3	1.692791E-9
-1.340000E+3	1.664580E-9
-1.342600E+3	1.692791E-9
-1.344533E+3	1.664581E-9
-1.347467E+3	1.706896E-9
-1.350733E+3	1.671633E-9
-1.353667E+3	1.706896E-9
-1.355667E+3	1.692791E-9
-1.359267E+3	1.678686E-9
-1.362200E+3	1.664581E-9
-1.366133E+3	1.699843E-9
-1.369067E+3	1.699843E-9
-1.372667E+3	1.671633E-9
-1.375600E+3	1.692791E-9
-1.378533E+3	1.678686E-9
-1.382133E+3	1.671633E-9
-1.385067E+3	1.699843E-9
-1.387000E+3	1.685738E-9
-1.390267E+3	1.685738E-9
-1.393867E+3	1.678686E-9
-1.395800E+3	1.671633E-9
-1.398800E+3	1.678686E-9
-1.399733E+3	1.699843E-9
-1.396467E+3	1.685738E-9
-1.392867E+3	1.685738E-9
-1.389933E+3	1.664581E-9
-1.388000E+3	1.678686E-9
-1.385400E+3	1.692791E-9
-1.382467E+3	1.685738E-9
-1.379800E+3	1.678686E-9
-1.375933E+3	1.692791E-9
-1.372667E+3	1.678686E-9
-1.369067E+3	1.678686E-9
-1.364800E+3	1.685738E-9
-1.361867E+3	1.699843E-9
-1.359600E+3	1.678686E-9
-1.356933E+3	1.678686E-9
-1.353333E+3	1.692791E-9
-1.349800E+3	1.685738E-9
-1.345867E+3	1.664581E-9
-1.343267E+3	1.692791E-9
-1.340000E+3	1.685738E-9
-1.336733E+3	1.678686E-9
-1.333467E+3	1.699843E-9
-1.330200E+3	1.692791E-9
-1.326600E+3	1.699843E-9
-1.324600E+3	1.664581E-9
-1.321000E+3	1.685738E-9
-1.319067E+3	1.678686E-9
-1.316133E+3	1.699843E-9
-1.313200E+3	1.678686E-9
-1.309933E+3	1.657528E-9
-1.307000E+3	1.678686E-9
-1.305000E+3	1.678686E-9
-1.302400E+3	1.678686E-9
-1.299467E+3	1.671633E-9
-1.295867E+3	1.699843E-9
-1.293600E+3	1.678686E-9
-1.290667E+3	1.678686E-9
-1.288333E+3	1.692791E-9
-1.285067E+3	1.664581E-9
-1.281200E+3	1.685738E-9
-1.277267E+3	1.692791E-9
-1.274933E+3	1.706896E-9
-1.271067E+3	1.699843E-9
-1.268733E+3	1.685738E-9
-1.266800E+3	1.678686E-9
-1.263200E+3	1.671633E-9
-1.260267E+3	1.671633E-9
-1.257667E+3	1.678686E-9
-1.255067E+3	1.685738E-9
-1.250800E+3	1.685738E-9
-1.248200E+3	1.657528E-9
-1.244933E+3	1.685738E-9
-1.242000E+3	1.685738E-9
-1.239333E+3	1.685738E-9
-1.236400E+3	1.678686E-9
-1.232800E+3	1.685738E-9
-1.230533E+3	1.671633E-9
-1.227267E+3	1.692791E-9
-1.223333E+3	1.678686E-9
-1.219733E+3	1.678686E-9
-1.216800E+3	1.678686E-9
-1.213200E+3	1.685738E-9
-1.210267E+3	1.685738E-9
-1.208000E+3	1.678686E-9
-1.204733E+3	1.685738E-9
-1.201467E+3	1.685738E-9
-1.198533E+3	1.692791E-9
-1.195600E+3	1.671633E-9
-1.192333E+3	1.678685E-9
-1.189067E+3	1.685738E-9
-1.186133E+3	1.685738E-9
-1.182200E+3	1.699843E-9
-1.178933E+3	1.699843E-9
-1.176667E+3	1.685738E-9
-1.174667E+3	1.678686E-9
-1.170733E+3	1.678686E-9
-1.167467E+3	1.657528E-9
-1.164867E+3	1.678686E-9
-1.162267E+3	1.657528E-9
-1.158667E+3	1.706896E-9
-1.155400E+3	1.692791E-9
-1.152467E+3	1.685738E-9
-1.150200E+3	1.671633E-9
-1.146933E+3	1.685738E-9
-1.143333E+3	1.678686E-9
-1.140067E+3	1.699843E-9
-1.136133E+3	1.678685E-9
-1.133533E+3	1.685738E-9
-1.130267E+3	1.699843E-9
-1.126667E+3	1.678686E-9
-1.123400E+3	1.699843E-9
-1.119467E+3	1.685738E-9
-1.116867E+3	1.685738E-9
-1.114600E+3	1.678686E-9
-1.112267E+3	1.664581E-9
-1.110000E+3	1.664581E-9
-1.106400E+3	1.678686E-9
-1.103467E+3	1.671633E-9
-1.100867E+3	1.671633E-9
-1.097267E+3	1.685738E-9
-1.095000E+3	1.678686E-9
-1.091400E+3	1.657528E-9
-1.089400E+3	1.678686E-9
-1.086800E+3	1.678686E-9
-1.083200E+3	1.664580E-9
-1.080933E+3	1.671633E-9
-1.077333E+3	1.692791E-9
-1.073400E+3	1.657528E-9
-1.069800E+3	1.692791E-9
-1.066200E+3	1.650475E-9
-1.062600E+3	1.629318E-9
-1.058400E+3	1.657528E-9
-1.055467E+3	1.636370E-9
-1.052533E+3	1.671633E-9
-1.048933E+3	1.664581E-9
-1.045667E+3	1.678686E-9
-1.041400E+3	1.678686E-9
-1.039467E+3	1.671633E-9
-1.036467E+3	1.664581E-9
-1.032600E+3	1.671633E-9
-1.029333E+3	1.650475E-9
-1.026067E+3	1.692791E-9
-1.024067E+3	1.671633E-9
-1.021467E+3	1.685738E-9
-1.018533E+3	1.671633E-9
-1.016267E+3	1.713948E-9
-1.013933E+3	1.678686E-9
-1.011667E+3	1.678686E-9
-1.008400E+3	1.671633E-9
-1.004800E+3	1.699843E-9
-1.001533E+3	1.664581E-9
-9.982667E+2	1.692791E-9
-9.966667E+2	1.657528E-9
-9.927333E+2	1.678686E-9
-9.888000E+2	1.678686E-9
-9.865333E+2	1.678686E-9
-9.832667E+2	1.678686E-9
-9.803333E+2	1.678686E-9
-9.780000E+2	1.685738E-9
-9.754000E+2	1.685738E-9
-9.718000E+2	1.685738E-9
-9.685333E+2	1.671633E-9
-9.666000E+2	1.685738E-9
-9.626667E+2	1.671633E-9
-9.604000E+2	1.657528E-9
-9.574667E+2	1.671633E-9
-9.551333E+2	1.699843E-9
-9.522000E+2	1.671633E-9
-9.499333E+2	1.671633E-9
-9.466667E+2	1.699843E-9
-9.450000E+2	1.685738E-9
-9.420667E+2	1.685738E-9
-9.391333E+2	1.692791E-9
-9.352000E+2	1.671633E-9
-9.329333E+2	1.678686E-9
-9.306667E+2	1.664581E-9
-9.277333E+2	1.699843E-9
-9.248000E+2	1.685738E-9
-9.221333E+2	1.692791E-9
-9.192000E+2	1.685738E-9
-9.159333E+2	1.692791E-9
-9.133333E+2	1.664581E-9
-9.100667E+2	1.664580E-9
-9.068000E+2	1.671633E-9
-9.042000E+2	1.692791E-9
-9.016000E+2	1.685738E-9
-8.990000E+2	1.678686E-9
-8.950667E+2	1.692791E-9
-8.930667E+2	1.685738E-9
-8.898000E+2	1.692791E-9
-8.862000E+2	1.713948E-9
-8.826667E+2	1.678686E-9
-8.790667E+2	1.685738E-9
-8.764000E+2	1.685738E-9
-8.741333E+2	1.685738E-9
-8.725333E+2	1.692791E-9
-8.689333E+2	1.692791E-9
-8.656667E+2	1.678686E-9
-8.633333E+2	1.678686E-9
-8.598000E+2	1.685738E-9
-8.562000E+2	1.671633E-9
-8.526000E+2	1.713948E-9
-8.483333E+2	1.685738E-9
-8.454000E+2	1.692791E-9
-8.428000E+2	1.699843E-9
-8.388667E+2	1.692791E-9
-8.366000E+2	1.685738E-9
-8.346000E+2	1.728053E-9
-8.323333E+2	1.685738E-9
-8.304000E+2	1.692791E-9
-8.280667E+2	1.685738E-9
-8.258000E+2	1.706896E-9
-8.238667E+2	1.706896E-9
-8.208667E+2	1.721001E-9
-8.173333E+2	1.706896E-9
-8.140667E+2	1.713948E-9
-8.101333E+2	1.699843E-9
-8.068667E+2	1.699843E-9
-8.029333E+2	1.721001E-9
-7.983333E+2	1.728053E-9
-7.950667E+2	1.721001E-9
-7.921333E+2	1.706896E-9
-7.888667E+2	1.699843E-9
-7.862667E+2	1.706896E-9
-7.840000E+2	1.742158E-9
-7.816667E+2	1.699843E-9
-7.790667E+2	1.713948E-9
-7.754667E+2	1.721001E-9
-7.735333E+2	1.692791E-9
-7.696000E+2	1.721001E-9
-7.650667E+2	1.692791E-9
-7.611333E+2	1.735106E-9
-7.572000E+2	1.706896E-9
-7.542667E+2	1.721001E-9
-7.506667E+2	1.713948E-9
-7.474000E+2	1.713948E-9
-7.441333E+2	1.735106E-9
-7.415333E+2	1.721001E-9
-7.389333E+2	1.728053E-9
-7.362667E+2	1.721001E-9
-7.330000E+2	1.713948E-9
-7.291333E+2	1.721001E-9
-7.258667E+2	1.735106E-9
-7.222667E+2	1.721001E-9
-7.193333E+2	1.728053E-9
-7.157333E+2	1.713948E-9
-7.128000E+2	1.742158E-9
-7.092000E+2	1.721001E-9
-7.072000E+2	1.756263E-9
-7.049333E+2	1.749211E-9
-7.013333E+2	1.742158E-9
-6.974000E+2	1.735106E-9
-6.941333E+2	1.763316E-9
-6.918667E+2	1.763316E-9
-6.879333E+2	1.742158E-9
-6.846667E+2	1.749211E-9
-6.810667E+2	1.742158E-9
-6.781333E+2	1.756264E-9
-6.755333E+2	1.763316E-9
-6.726000E+2	1.756263E-9
-6.696667E+2	1.770369E-9
-6.657333E+2	1.756263E-9
-6.624667E+2	1.770369E-9
-6.602000E+2	1.770369E-9
-6.566000E+2	1.777421E-9
-6.526667E+2	1.763316E-9
-6.500667E+2	1.763316E-9
-6.477333E+2	1.770369E-9
-6.451333E+2	1.784474E-9
-6.428667E+2	1.777421E-9
-6.399333E+2	1.784474E-9
-6.360000E+2	1.798579E-9
-6.334000E+2	1.791526E-9
-6.308000E+2	1.798579E-9
-6.288000E+2	1.777421E-9
-6.255333E+2	1.784474E-9
-6.219333E+2	1.798579E-9
-6.193333E+2	1.784474E-9
-6.164000E+2	1.805632E-9
-6.138000E+2	1.805632E-9
-6.102000E+2	1.805632E-9
-6.076000E+2	1.826789E-9
-6.030000E+2	1.805632E-9
-5.994000E+2	1.805632E-9
-5.954667E+2	1.833842E-9
-5.932000E+2	1.805632E-9
-5.902667E+2	1.812684E-9
-5.876667E+2	1.833842E-9
-5.840667E+2	1.826789E-9
-5.808000E+2	1.833842E-9
-5.762000E+2	1.855000E-9
-5.723333E+2	1.826789E-9
-5.693333E+2	1.855000E-9
-5.674000E+2	1.840895E-9
-5.638000E+2	1.833842E-9
-5.598667E+2	1.855000E-9
-5.566000E+2	1.833842E-9
-5.543333E+2	1.840895E-9
-5.514000E+2	1.876158E-9
-5.488000E+2	1.876158E-9
-5.458667E+2	1.869105E-9
-5.422667E+2	1.862052E-9
-5.390000E+2	1.883210E-9
-5.357333E+2	1.876157E-9
-5.324667E+2	1.890263E-9
-5.292000E+2	1.883210E-9
-5.262667E+2	1.890263E-9
-5.226667E+2	1.855000E-9
-5.203333E+2	1.890263E-9
-5.177333E+2	1.897315E-9
-5.141333E+2	1.904368E-9
-5.108667E+2	1.897315E-9
-5.063333E+2	1.890263E-9
-5.043333E+2	1.869105E-9
-5.017333E+2	1.904368E-9
-4.994667E+2	1.904368E-9
-4.955333E+2	1.911420E-9
-4.932667E+2	1.904368E-9
-4.903333E+2	1.911420E-9
-4.874000E+2	1.918473E-9
-4.834667E+2	1.918473E-9
-4.795333E+2	1.932578E-9
-4.772667E+2	1.925525E-9
-4.746000E+2	1.925525E-9
-4.720000E+2	1.967840E-9
-4.697333E+2	1.946683E-9
-4.678000E+2	1.953735E-9
-4.654667E+2	1.953735E-9
-4.618667E+2	1.960788E-9
-4.589333E+2	1.946683E-9
-4.556667E+2	1.981946E-9
-4.517333E+2	1.981946E-9
-4.482000E+2	2.003103E-9
-4.446000E+2	1.981946E-9
-4.410000E+2	1.967840E-9
-4.374000E+2	1.996051E-9
-4.341333E+2	1.988998E-9
-4.312000E+2	2.010156E-9
-4.279333E+2	2.010156E-9
-4.250000E+2	1.996051E-9
-4.214000E+2	1.996051E-9
-4.178000E+2	2.031314E-9
-4.145333E+2	2.038366E-9
-4.119333E+2	2.017209E-9
-4.092667E+2	2.045419E-9
-4.063333E+2	2.024261E-9
-4.037333E+2	2.038366E-9
-4.004667E+2	2.066577E-9
-3.985333E+2	2.031314E-9
-3.952667E+2	2.031314E-9
-3.926667E+2	2.052472E-9
-3.890667E+2	2.066577E-9
-3.867333E+2	2.059524E-9
-3.848000E+2	2.066577E-9
-3.822000E+2	2.073629E-9
-3.786000E+2	2.059524E-9
-3.750000E+2	2.066577E-9
-3.727333E+2	2.087735E-9
-3.691333E+2	2.073629E-9
-3.652000E+2	2.073629E-9
-3.612667E+2	2.094787E-9
-3.576667E+2	2.101840E-9
-3.550667E+2	2.094787E-9
-3.528000E+2	2.130050E-9
-3.504667E+2	2.108892E-9
-3.472000E+2	2.108892E-9
-3.436667E+2	2.115945E-9
-3.400667E+2	2.122997E-9
-3.374000E+2	2.101840E-9
-3.348000E+2	2.115945E-9
-3.318667E+2	2.115945E-9
-3.282667E+2	2.179418E-9
-3.246667E+2	2.165312E-9
-3.210667E+2	2.158260E-9
-3.172000E+2	2.144155E-9
-3.136000E+2	2.151207E-9
-3.096667E+2	2.151207E-9
-3.074000E+2	2.172365E-9
-3.041333E+2	2.172365E-9
-3.012000E+2	2.165312E-9
-2.988667E+2	2.172365E-9
-2.959333E+2	2.158260E-9
-2.926667E+2	2.179417E-9
-2.887333E+2	2.165312E-9
-2.854667E+2	2.179418E-9
-2.822000E+2	2.172365E-9
-2.789333E+2	2.186470E-9
-2.763333E+2	2.186470E-9
-2.727333E+2	2.193523E-9
-2.701333E+2	2.172365E-9
-2.672000E+2	2.207628E-9
-2.646000E+2	2.186470E-9
-2.622667E+2	2.193523E-9
-2.603333E+2	2.221733E-9
-2.580667E+2	2.207628E-9
-2.560667E+2	2.186470E-9
-2.522000E+2	2.193523E-9
-2.498667E+2	2.200575E-9
-2.479333E+2	2.207628E-9
-2.446667E+2	2.214680E-9
-2.424000E+2	2.214680E-9
-2.397333E+2	2.214680E-9
-2.371333E+2	2.228786E-9
-2.328667E+2	2.214680E-9
-2.296000E+2	2.235838E-9
-2.273333E+2	2.207628E-9
-2.244000E+2	2.228785E-9
-2.208000E+2	2.242891E-9
-2.175333E+2	2.214680E-9
-2.149333E+2	2.221733E-9
-2.123333E+2	2.235838E-9
-2.097333E+2	2.214680E-9
-2.064667E+2	2.221733E-9
-2.028667E+2	2.221733E-9
-1.999333E+2	2.221733E-9
-1.960000E+2	2.207628E-9
-1.927333E+2	2.207628E-9
-1.898000E+2	2.179418E-9
-1.874667E+2	2.193523E-9
-1.832667E+2	2.207628E-9
-1.796667E+2	2.228786E-9
-1.767333E+2	2.193523E-9
-1.731333E+2	2.193523E-9
-1.702000E+2	2.207628E-9
-1.669333E+2	2.207628E-9
-1.630000E+2	2.221733E-9
-1.597333E+2	2.207628E-9
-1.574667E+2	2.207628E-9
-1.538667E+2	2.214680E-9
-1.496000E+2	2.221733E-9
-1.460000E+2	2.242891E-9
-1.420667E+2	2.228786E-9
-1.384667E+2	2.207628E-9
-1.352000E+2	2.214680E-9
-1.319333E+2	2.228786E-9
-1.280667E+2	2.207628E-9
-1.244667E+2	2.221733E-9
-1.224667E+2	2.228786E-9
-1.202000E+2	2.193523E-9
-1.179333E+2	2.214680E-9
-1.140000E+2	2.221733E-9
-1.117333E+2	2.207628E-9
-1.078000E+2	2.228785E-9
-1.042000E+2	2.235838E-9
-1.022000E+2	2.193523E-9
-9.833333E+1	2.193523E-9
-9.540000E+1	2.242891E-9
-9.306667E+1	2.221733E-9
-9.080000E+1	2.207628E-9
-8.820000E+1	2.214680E-9
-8.426667E+1	2.207628E-9
-8.166667E+1	2.207628E-9
-7.806667E+1	2.186470E-9
-7.446667E+1	2.193523E-9
-7.220000E+1	2.207628E-9
-6.926667E+1	2.179417E-9
-6.660000E+1	2.207628E-9
-6.366667E+1	2.179417E-9
-6.040000E+1	2.165313E-9
-5.713333E+1	2.172365E-9
-5.420000E+1	2.193523E-9
-5.093333E+1	2.186470E-9
-4.833333E+1	2.179417E-9
-4.506667E+1	2.179417E-9
-4.246667E+1	2.179417E-9
-3.886667E+1	2.172365E-9
-3.493333E+1	2.186470E-9
-3.166667E+1	2.179417E-9
-2.873333E+1	2.144155E-9
-2.613333E+1	2.165312E-9
-2.253333E+1	2.151207E-9
-1.926667E+1	2.151207E-9
-1.726667E+1	2.172365E-9
-1.373333E+1	2.144155E-9
-1.013333E+1	2.151207E-9
-7.200000E+0	2.137102E-9
-4.866667E+0	2.151207E-9
-6.666667E-1	2.151207E-9
2.000000E+0	2.115945E-9
6.200000E+0	2.144155E-9
1.046667E+1	2.144155E-9
1.340000E+1	2.137102E-9
1.600000E+1	2.144155E-9
1.893333E+1	2.101840E-9
2.253333E+1	2.108892E-9
2.546667E+1	2.101840E-9
2.780000E+1	2.094787E-9
3.140000E+1	2.101840E-9
3.366667E+1	2.115945E-9
3.726667E+1	2.137102E-9
3.953333E+1	2.087735E-9
4.153333E+1	2.052472E-9
4.573333E+1	2.087735E-9
5.000000E+1	2.080682E-9
5.260000E+1	2.073629E-9
5.653333E+1	2.101840E-9
5.946667E+1	2.073629E-9
6.273333E+1	2.052472E-9
6.666667E+1	2.059524E-9
6.993333E+1	2.066577E-9
7.320000E+1	2.066577E-9
7.546667E+1	2.059524E-9
7.906667E+1	2.031314E-9
8.300000E+1	2.045419E-9
8.660000E+1	2.052472E-9
9.020000E+1	2.024261E-9
9.280000E+1	2.017209E-9
9.473333E+1	2.017209E-9
9.833333E+1	2.003103E-9
1.012667E+2	2.017209E-9
1.048667E+2	2.024261E-9
1.084667E+2	2.017209E-9
1.117333E+2	1.996051E-9
1.143333E+2	2.003103E-9
1.172667E+2	1.981946E-9
1.208667E+2	1.988998E-9
1.234667E+2	1.996051E-9
1.254667E+2	1.996051E-9
1.297333E+2	1.988998E-9
1.339333E+2	1.939630E-9
1.368667E+2	1.946683E-9
1.398000E+2	1.946683E-9
1.437333E+2	1.939630E-9
1.466667E+2	1.967840E-9
1.506000E+2	1.960788E-9
1.538667E+2	1.946683E-9
1.574667E+2	1.953735E-9
1.597333E+2	1.911420E-9
1.633333E+2	1.932578E-9
1.662667E+2	1.932578E-9
1.682667E+2	1.918473E-9
1.715333E+2	1.918473E-9
1.744667E+2	1.932578E-9
1.767333E+2	1.918473E-9
1.806667E+2	1.911420E-9
1.832667E+2	1.890263E-9
1.865333E+2	1.890263E-9
1.898000E+2	1.904368E-9
1.927333E+2	1.904368E-9
1.956667E+2	1.904368E-9
1.996000E+2	1.897315E-9
2.018667E+2	1.883210E-9
2.045333E+2	1.876158E-9
2.084000E+2	1.869105E-9
2.110667E+2	1.869105E-9
2.152667E+2	1.862052E-9
2.172667E+2	1.855000E-9
2.214667E+2	1.883210E-9
2.231333E+2	1.869105E-9
2.264000E+2	1.869105E-9
2.293333E+2	1.833842E-9
2.319333E+2	1.862052E-9
2.348667E+2	1.840895E-9
2.375333E+2	1.840895E-9
2.394667E+2	1.855000E-9
2.420667E+2	1.819737E-9
2.443333E+2	1.833842E-9
2.476000E+2	1.840895E-9
2.499333E+2	1.855000E-9
2.525333E+2	1.819737E-9
2.548000E+2	1.826789E-9
2.571333E+2	1.812684E-9
2.604000E+2	1.805632E-9
2.630000E+2	1.812684E-9
2.656000E+2	1.847947E-9
2.695333E+2	1.805632E-9
2.734667E+2	1.812684E-9
2.767333E+2	1.798579E-9
2.790000E+2	1.826789E-9
2.816000E+2	1.777421E-9
2.845333E+2	1.805632E-9
2.874667E+2	1.798579E-9
2.907333E+2	1.784474E-9
2.933333E+2	1.798579E-9
2.969333E+2	1.791526E-9
2.989333E+2	1.784474E-9
3.022000E+2	1.784474E-9
3.048000E+2	1.763316E-9
3.090667E+2	1.777421E-9
3.113333E+2	1.770369E-9
3.142667E+2	1.770369E-9
3.165333E+2	1.756263E-9
3.204667E+2	1.777421E-9
3.240667E+2	1.770369E-9
3.280000E+2	1.742158E-9
3.309333E+2	1.742158E-9
3.328667E+2	1.735106E-9
3.361333E+2	1.728053E-9
3.384667E+2	1.756263E-9
3.417333E+2	1.749211E-9
3.443333E+2	1.735106E-9
3.476000E+2	1.728053E-9
3.508667E+2	1.721001E-9
3.531333E+2	1.749211E-9
3.570667E+2	1.713948E-9
3.590000E+2	1.721001E-9
3.626000E+2	1.742158E-9
3.652000E+2	1.713948E-9
3.684667E+2	1.721001E-9
3.708000E+2	1.685738E-9
3.737333E+2	1.713948E-9
3.766667E+2	1.699843E-9
3.802667E+2	1.706896E-9
3.832000E+2	1.706896E-9
3.868000E+2	1.692791E-9
3.904000E+2	1.685738E-9
3.923333E+2	1.678686E-9
3.959333E+2	1.692791E-9
3.992000E+2	1.692791E-9
4.024667E+2	1.685738E-9
4.044000E+2	1.685738E-9
4.070667E+2	1.699843E-9
4.090000E+2	1.692791E-9
4.122667E+2	1.699843E-9
4.152000E+2	1.664581E-9
4.181333E+2	1.692791E-9
4.207333E+2	1.664581E-9
4.246667E+2	1.692791E-9
4.266667E+2	1.685738E-9
4.299333E+2	1.678686E-9
4.332000E+2	1.685738E-9
4.368000E+2	1.678686E-9
4.397333E+2	1.643423E-9
4.433333E+2	1.664581E-9
4.459333E+2	1.657528E-9
4.482000E+2	1.678686E-9
4.508000E+2	1.678685E-9
4.537333E+2	1.678686E-9
4.576667E+2	1.678686E-9
4.599333E+2	1.678686E-9
4.632000E+2	1.671633E-9
4.664667E+2	1.685738E-9
4.694667E+2	1.671633E-9
4.733333E+2	1.650475E-9
4.762667E+2	1.664581E-9
4.782667E+2	1.685738E-9
4.812000E+2	1.678686E-9
4.844667E+2	1.685738E-9
4.870667E+2	1.643423E-9
4.890667E+2	1.678686E-9
4.920000E+2	1.657528E-9
4.952667E+2	1.643423E-9
4.978667E+2	1.657528E-9
5.011333E+2	1.678686E-9
5.050667E+2	1.643423E-9
5.083333E+2	1.671633E-9
5.119333E+2	1.650475E-9
5.158000E+2	1.664581E-9
5.190667E+2	1.636370E-9
5.217333E+2	1.650475E-9
5.250000E+2	1.671633E-9
5.276000E+2	1.657528E-9
5.302000E+2	1.636370E-9
5.331333E+2	1.657528E-9
5.360667E+2	1.650475E-9
5.386667E+2	1.650475E-9
5.426000E+2	1.657528E-9
5.455333E+2	1.643423E-9
5.478667E+2	1.636370E-9
5.501333E+2	1.629318E-9
5.520667E+2	1.636370E-9
5.546667E+2	1.650475E-9
5.566667E+2	1.650475E-9
5.599333E+2	1.650475E-9
5.635333E+2	1.657528E-9
5.671333E+2	1.615212E-9
5.700667E+2	1.650475E-9
5.726667E+2	1.643423E-9
5.759333E+2	1.629318E-9
5.798667E+2	1.636370E-9
5.824667E+2	1.629318E-9
5.860667E+2	1.643423E-9
5.893333E+2	1.622265E-9
5.922667E+2	1.643423E-9
5.955333E+2	1.636370E-9
5.994667E+2	1.643423E-9
6.030667E+2	1.629318E-9
6.056667E+2	1.643423E-9
6.079333E+2	1.650475E-9
6.115333E+2	1.650475E-9
6.138000E+2	1.615212E-9
6.161333E+2	1.629318E-9
6.206667E+2	1.636370E-9
6.236000E+2	1.636370E-9
6.268667E+2	1.629318E-9
6.298000E+2	1.629318E-9
6.324667E+2	1.615212E-9
6.357333E+2	1.629318E-9
6.390000E+2	1.636370E-9
6.416000E+2	1.629318E-9
6.445333E+2	1.615212E-9
6.471333E+2	1.615212E-9
6.497333E+2	1.629318E-9
6.533333E+2	1.629318E-9
6.562667E+2	1.629318E-9
6.586000E+2	1.636370E-9
6.612000E+2	1.650475E-9
6.634667E+2	1.636370E-9
6.670667E+2	1.615212E-9
6.693333E+2	1.608160E-9
6.729333E+2	1.636370E-9
6.755333E+2	1.579950E-9
6.798000E+2	1.608160E-9
6.827333E+2	1.587002E-9
6.860000E+2	1.622265E-9
6.886000E+2	1.629318E-9
6.912667E+2	1.615212E-9
6.938667E+2	1.615212E-9
6.978000E+2	1.629318E-9
7.010667E+2	1.615212E-9
7.040000E+2	1.629318E-9
7.066000E+2	1.622265E-9
7.098667E+2	1.615212E-9
7.138000E+2	1.608160E-9
7.170667E+2	1.622265E-9
7.200000E+2	1.622265E-9
7.229333E+2	1.636370E-9
7.252000E+2	1.615213E-9
7.288000E+2	1.615212E-9
7.314000E+2	1.615212E-9
7.337333E+2	1.643423E-9
7.366667E+2	1.594055E-9
7.392667E+2	1.608160E-9
7.418667E+2	1.601107E-9
7.458000E+2	1.629318E-9
7.487333E+2	1.601107E-9
7.520000E+2	1.622265E-9
7.556000E+2	1.608160E-9
7.592000E+2	1.608160E-9
7.618000E+2	1.622265E-9
7.640667E+2	1.622265E-9
7.670000E+2	1.622265E-9
7.690000E+2	1.622265E-9
7.722667E+2	1.594055E-9
7.742000E+2	1.601107E-9
7.774667E+2	1.608160E-9
7.807333E+2	1.629318E-9
7.830667E+2	1.608160E-9
7.866000E+2	1.622265E-9
7.898667E+2	1.629318E-9
7.925333E+2	1.615212E-9
7.948000E+2	1.601107E-9
7.974000E+2	1.615212E-9
8.013333E+2	1.608160E-9
8.049333E+2	1.608160E-9
8.068667E+2	1.594055E-9
8.094667E+2	1.608160E-9
8.134000E+2	1.622265E-9
8.170000E+2	1.615212E-9
8.190000E+2	1.615212E-9
8.212667E+2	1.601107E-9
8.235333E+2	1.579950E-9
8.268000E+2	1.601107E-9
8.300667E+2	1.601107E-9
8.333333E+2	1.622265E-9
8.362667E+2	1.622265E-9
8.402000E+2	1.636370E-9
8.431333E+2	1.608160E-9
8.464000E+2	1.601107E-9
8.496667E+2	1.608160E-9
8.519333E+2	1.601107E-9
8.536000E+2	1.608160E-9
8.558667E+2	1.601107E-9
8.598000E+2	1.594055E-9
8.627333E+2	1.608160E-9
8.656667E+2	1.608160E-9
8.680000E+2	1.608160E-9
8.709333E+2	1.587002E-9
8.745333E+2	1.615212E-9
8.787333E+2	1.608160E-9
8.813333E+2	1.594055E-9
8.836667E+2	1.579950E-9
8.859333E+2	1.594055E-9
8.878667E+2	1.587002E-9
8.911333E+2	1.594055E-9
8.938000E+2	1.572897E-9
8.976667E+2	1.558792E-9
9.016000E+2	1.587002E-9
9.052000E+2	1.587002E-9
9.084667E+2	1.572898E-9
9.114000E+2	1.594055E-9
9.137333E+2	1.579950E-9
9.172667E+2	1.594055E-9
9.205333E+2	1.594055E-9
9.244667E+2	1.608160E-9
9.284000E+2	1.579950E-9
9.320000E+2	1.608160E-9
9.349333E+2	1.601107E-9
9.388667E+2	1.594055E-9
9.424667E+2	1.594055E-9
9.464000E+2	1.629318E-9
9.483333E+2	1.587002E-9
9.506000E+2	1.579950E-9
9.529333E+2	1.608160E-9
9.558667E+2	1.629318E-9
9.594667E+2	1.608160E-9
9.633333E+2	1.622265E-9
9.676000E+2	1.601107E-9
9.712000E+2	1.587002E-9
9.744667E+2	1.594055E-9
9.780667E+2	1.615213E-9
9.806667E+2	1.594055E-9
9.842667E+2	1.594055E-9
9.868667E+2	1.579950E-9
9.894667E+2	1.629318E-9
9.927333E+2	1.615213E-9
9.963333E+2	1.608160E-9
9.986667E+2	1.594055E-9
1.001600E+3	1.636370E-9
1.004533E+3	1.601107E-9
1.007467E+3	1.594055E-9
1.009067E+3	1.608160E-9
1.012000E+3	1.622265E-9
1.015267E+3	1.594055E-9
1.017267E+3	1.615212E-9
1.019533E+3	1.608160E-9
1.023133E+3	1.594055E-9
1.027067E+3	1.594055E-9
1.031000E+3	1.608160E-9
1.034600E+3	1.608160E-9
1.037533E+3	1.601107E-9
1.039467E+3	1.594055E-9
1.043400E+3	1.601107E-9
1.045333E+3	1.615213E-9
1.048600E+3	1.608160E-9
1.051200E+3	1.587002E-9
1.055133E+3	1.601107E-9
1.057133E+3	1.594055E-9
1.061333E+3	1.587002E-9
1.063667E+3	1.601107E-9
1.066600E+3	1.615213E-9
1.070200E+3	1.615213E-9
1.074400E+3	1.601107E-9
1.076400E+3	1.587002E-9
1.078667E+3	1.615212E-9
1.081600E+3	1.608160E-9
1.084533E+3	1.608160E-9
1.088133E+3	1.601107E-9
1.090733E+3	1.622265E-9
1.094000E+3	1.608160E-9
1.096933E+3	1.615212E-9
1.099600E+3	1.615212E-9
1.103200E+3	1.615212E-9
1.107067E+3	1.601107E-9
1.110667E+3	1.601107E-9
1.113600E+3	1.608160E-9
1.116867E+3	1.601107E-9
1.120467E+3	1.601107E-9
1.125067E+3	1.594055E-9
1.128000E+3	1.629318E-9
1.131600E+3	1.594055E-9
1.134867E+3	1.629318E-9
1.138467E+3	1.615212E-9
1.141067E+3	1.622265E-9
1.143000E+3	1.601107E-9
1.145667E+3	1.608160E-9
1.149200E+3	1.572897E-9
1.151867E+3	1.572897E-9
1.155133E+3	1.615212E-9
1.158400E+3	1.622265E-9
1.162267E+3	1.636370E-9
1.165867E+3	1.594055E-9
1.169467E+3	1.608160E-9
1.171467E+3	1.629318E-9
1.173733E+3	1.608160E-9
1.176333E+3	1.622265E-9
1.179267E+3	1.622265E-9
1.182200E+3	1.615212E-9
1.186133E+3	1.615212E-9
1.189400E+3	1.629318E-9
1.193000E+3	1.643423E-9
1.196267E+3	1.636370E-9
1.198867E+3	1.622265E-9
1.201200E+3	1.608160E-9
1.203800E+3	1.615212E-9
1.207067E+3	1.608160E-9
1.211600E+3	1.622265E-9
1.214267E+3	1.622265E-9
1.217200E+3	1.622265E-9
1.220800E+3	1.615212E-9
1.223400E+3	1.622265E-9
1.225667E+3	1.601107E-9
1.228267E+3	1.587002E-9
1.232200E+3	1.587002E-9
1.234133E+3	1.587002E-9
1.237133E+3	1.615212E-9
1.240667E+3	1.615212E-9
1.243333E+3	1.608160E-9
1.246933E+3	1.579950E-9
1.251133E+3	1.601107E-9
1.254400E+3	1.587002E-9
1.256733E+3	1.615212E-9
1.260267E+3	1.622265E-9
1.263533E+3	1.594055E-9
1.267133E+3	1.601107E-9
1.270400E+3	1.601107E-9
1.274333E+3	1.622265E-9
1.277933E+3	1.629318E-9
1.281533E+3	1.594055E-9
1.284133E+3	1.643423E-9
1.287400E+3	1.594055E-9
1.290667E+3	1.594055E-9
1.294267E+3	1.601107E-9
1.297533E+3	1.587002E-9
1.299467E+3	1.608160E-9
1.302733E+3	1.594055E-9
1.305733E+3	1.601107E-9
1.308667E+3	1.601107E-9
1.312533E+3	1.615212E-9
1.315800E+3	1.608160E-9
1.318467E+3	1.601107E-9
1.322067E+3	1.615212E-9
1.324667E+3	1.629318E-9
1.328267E+3	1.601107E-9
1.331533E+3	1.601107E-9
1.335133E+3	1.608160E-9
1.338400E+3	1.594055E-9
1.340667E+3	1.643423E-9
1.343933E+3	1.601107E-9
1.347533E+3	1.608160E-9
1.351133E+3	1.572897E-9
1.355333E+3	1.601107E-9
1.358000E+3	1.587002E-9
1.359600E+3	1.615212E-9
1.362533E+3	1.608160E-9
1.366133E+3	1.636370E-9
1.368733E+3	1.622265E-9
1.371333E+3	1.615212E-9
1.375267E+3	1.601107E-9
1.379200E+3	1.594055E-9
1.382133E+3	1.594055E-9
1.385733E+3	1.608160E-9
1.388000E+3	1.622265E-9
1.390667E+3	1.622265E-9
1.393267E+3	1.622265E-9
1.397200E+3	1.629318E-9
