-3.333333E-1	2.285206E-9
-3.266667E+0	2.264048E-9
-5.533333E+0	2.271101E-9
-8.133333E+0	2.271101E-9
-1.046667E+1	2.278153E-9
-1.400000E+1	2.249943E-9
-1.600000E+1	2.285206E-9
-1.826667E+1	2.271101E-9
-2.186667E+1	2.278153E-9
-2.546667E+1	2.264048E-9
-2.940000E+1	2.249943E-9
-3.166667E+1	2.249943E-9
-3.493333E+1	2.278153E-9
-3.820000E+1	2.271101E-9
-4.113333E+1	2.256996E-9
-4.340000E+1	2.242891E-9
-4.640000E+1	2.264048E-9
-4.993333E+1	2.264048E-9
-5.353333E+1	2.264048E-9
-5.586667E+1	2.264048E-9
-5.780000E+1	2.264048E-9
-6.073333E+1	2.256996E-9
-6.333333E+1	2.242891E-9
-6.600000E+1	2.228786E-9
-7.020000E+1	2.235838E-9
-7.346667E+1	2.256996E-9
-7.546667E+1	2.228785E-9
-7.906667E+1	2.242891E-9
-8.200000E+1	2.235838E-9
-8.493333E+1	2.207628E-9
-8.886667E+1	2.256996E-9
-9.273333E+1	2.235838E-9
-9.566667E+1	2.221733E-9
-9.866667E+1	2.221733E-9
-1.016000E+2	2.214680E-9
-1.054667E+2	2.221733E-9
-1.081333E+2	2.242890E-9
-1.117333E+2	2.214680E-9
-1.156000E+2	2.221733E-9
-1.192000E+2	2.200575E-9
-1.224667E+2	2.193523E-9
-1.257333E+2	2.207628E-9
-1.283333E+2	2.172365E-9
-1.310000E+2	2.200575E-9
-1.339333E+2	2.193523E-9
-1.362000E+2	2.186470E-9
-1.391333E+2	2.172365E-9
-1.414000E+2	2.186470E-9
-1.453333E+2	2.151207E-9
-1.473333E+2	2.193523E-9
-1.499333E+2	2.179417E-9
-1.532000E+2	2.165312E-9
-1.561333E+2	2.172365E-9
-1.587333E+2	2.165312E-9
-1.623333E+2	2.172365E-9
-1.642667E+2	2.158260E-9
-1.672667E+2	2.151207E-9
-1.705333E+2	2.158260E-9
-1.738000E+2	2.144155E-9
-1.770667E+2	2.122997E-9
-1.793333E+2	2.172365E-9
-1.812667E+2	2.122997E-9
-1.838667E+2	2.151207E-9
-1.862000E+2	2.115945E-9
-1.894667E+2	2.130050E-9
-1.917333E+2	2.144155E-9
-1.940000E+2	2.115945E-9
-1.972667E+2	2.108892E-9
-2.012000E+2	2.115945E-9
-2.034667E+2	2.115945E-9
-2.058000E+2	2.108892E-9
-2.100000E+2	2.087735E-9
-2.142667E+2	2.087735E-9
-2.172000E+2	2.122997E-9
-2.195333E+2	2.087735E-9
-2.224667E+2	2.080682E-9
-2.257333E+2	2.066577E-9
-2.286667E+2	2.087735E-9
-2.309333E+2	2.080682E-9
-2.335333E+2	2.080682E-9
-2.364667E+2	2.073629E-9
-2.388000E+2	2.066577E-9
-2.426667E+2	2.066577E-9
-2.453333E+2	2.052472E-9
-2.476000E+2	2.045419E-9
-2.508667E+2	2.052472E-9
-2.554667E+2	2.045419E-9
-2.584000E+2	2.031314E-9
-2.622667E+2	2.038366E-9
-2.652667E+2	2.010156E-9
-2.672000E+2	1.988998E-9
-2.694667E+2	2.010156E-9
-2.714667E+2	2.017209E-9
-2.744000E+2	2.017209E-9
-2.770000E+2	1.988998E-9
-2.796000E+2	2.010156E-9
-2.825333E+2	1.988998E-9
-2.861333E+2	2.003103E-9
-2.900667E+2	1.996051E-9
-2.930000E+2	1.988998E-9
-2.966000E+2	1.974893E-9
-2.992000E+2	1.974893E-9
-3.021333E+2	1.967840E-9
-3.060667E+2	1.988998E-9
-3.096667E+2	1.967840E-9
-3.116000E+2	1.981946E-9
-3.142667E+2	1.946683E-9
-3.172000E+2	1.960788E-9
-3.208000E+2	1.960788E-9
-3.227333E+2	1.960788E-9
-3.256667E+2	1.939630E-9
-3.282667E+2	1.953735E-9
-3.315333E+2	1.918473E-9
-3.348000E+2	1.904368E-9
-3.387333E+2	1.939630E-9
-3.420000E+2	1.932578E-9
-3.456000E+2	1.918473E-9
-3.485333E+2	1.939630E-9
-3.508000E+2	1.897315E-9
-3.537333E+2	1.911420E-9
-3.564000E+2	1.911420E-9
-3.596667E+2	1.904368E-9
-3.626000E+2	1.876158E-9
-3.652000E+2	1.897315E-9
-3.691333E+2	1.897315E-9
-3.717333E+2	1.883210E-9
-3.760000E+2	1.911420E-9
-3.796000E+2	1.883210E-9
-3.825333E+2	1.911420E-9
-3.848000E+2	1.883210E-9
-3.877333E+2	1.883210E-9
-3.903333E+2	1.876158E-9
-3.936000E+2	1.883210E-9
-3.972000E+2	1.855000E-9
-4.004667E+2	1.862052E-9
-4.030667E+2	1.883210E-9
-4.060000E+2	1.862052E-9
-4.090000E+2	1.862052E-9
-4.109333E+2	1.876157E-9
-4.132000E+2	1.847947E-9
-4.158000E+2	1.840895E-9
-4.197333E+2	1.840895E-9
-4.236667E+2	1.847947E-9
-4.262667E+2	1.826789E-9
-4.286000E+2	1.819737E-9
-4.315333E+2	1.812684E-9
-4.351333E+2	1.812684E-9
-4.396667E+2	1.812684E-9
-4.426000E+2	1.805632E-9
-4.452000E+2	1.819737E-9
-4.478667E+2	1.805632E-9
-4.514667E+2	1.826789E-9
-4.540667E+2	1.826789E-9
-4.576667E+2	1.805632E-9
-4.599333E+2	1.805632E-9
-4.628667E+2	1.777421E-9
-4.664667E+2	1.791526E-9
-4.697333E+2	1.777421E-9
-4.733333E+2	1.763316E-9
-4.759333E+2	1.798579E-9
-4.782000E+2	1.770369E-9
-4.811333E+2	1.777421E-9
-4.844000E+2	1.770369E-9
-4.880000E+2	1.749211E-9
-4.912667E+2	1.763316E-9
-4.945333E+2	1.763316E-9
-4.978000E+2	1.770369E-9
-5.010667E+2	1.742158E-9
-5.050000E+2	1.756263E-9
-5.086000E+2	1.763316E-9
-5.118667E+2	1.756263E-9
-5.154667E+2	1.742158E-9
-5.190667E+2	1.728053E-9
-5.213333E+2	1.742158E-9
-5.239333E+2	1.728053E-9
-5.266000E+2	1.735106E-9
-5.292000E+2	1.735106E-9
-5.328000E+2	1.742158E-9
-5.354000E+2	1.742158E-9
-5.376667E+2	1.728053E-9
-5.406000E+2	1.706896E-9
-5.438667E+2	1.699843E-9
-5.474667E+2	1.713948E-9
-5.504000E+2	1.749211E-9
-5.533333E+2	1.713948E-9
-5.566000E+2	1.742158E-9
-5.592667E+2	1.742158E-9
-5.628000E+2	1.735106E-9
-5.664000E+2	1.735106E-9
-5.684000E+2	1.735106E-9
-5.720000E+2	1.735106E-9
-5.749333E+2	1.713948E-9
-5.785333E+2	1.706896E-9
-5.804667E+2	1.713948E-9
-5.830667E+2	1.721001E-9
-5.860000E+2	1.721001E-9
-5.889333E+2	1.721001E-9
-5.928667E+2	1.699843E-9
-5.948667E+2	1.728053E-9
-5.981333E+2	1.692791E-9
-6.000667E+2	1.699843E-9
-6.040000E+2	1.713948E-9
-6.076000E+2	1.692791E-9
-6.115333E+2	1.699843E-9
-6.150667E+2	1.692791E-9
-6.186667E+2	1.685738E-9
-6.206667E+2	1.699843E-9
-6.232667E+2	1.664580E-9
-6.262000E+2	1.699843E-9
-6.294667E+2	1.685738E-9
-6.320667E+2	1.692791E-9
-6.363333E+2	1.685738E-9
-6.389333E+2	1.692791E-9
-6.412000E+2	1.678686E-9
-6.435333E+2	1.678686E-9
-6.461333E+2	1.699843E-9
-6.487333E+2	1.671633E-9
-6.523333E+2	1.721001E-9
-6.556000E+2	1.685738E-9
-6.578667E+2	1.671633E-9
-6.605333E+2	1.692791E-9
-6.634667E+2	1.678686E-9
-6.660667E+2	1.678686E-9
-6.686667E+2	1.671633E-9
-6.709333E+2	1.671633E-9
-6.736000E+2	1.671633E-9
-6.771333E+2	1.664581E-9
-6.804000E+2	1.664581E-9
-6.824000E+2	1.685738E-9
-6.846667E+2	1.657528E-9
-6.882667E+2	1.685738E-9
-6.905333E+2	1.664581E-9
-6.941333E+2	1.671633E-9
-6.970667E+2	1.678686E-9
-7.000000E+2	1.671633E-9
-7.023333E+2	1.685738E-9
-7.052667E+2	1.685738E-9
-7.092000E+2	1.678686E-9
-7.118000E+2	1.664580E-9
-7.144000E+2	1.678686E-9
-7.180000E+2	1.664581E-9
-7.209333E+2	1.657528E-9
-7.238667E+2	1.650475E-9
-7.274667E+2	1.678686E-9
-7.294000E+2	1.671633E-9
-7.324000E+2	1.678686E-9
-7.353333E+2	1.671633E-9
-7.379333E+2	1.664581E-9
-7.418667E+2	1.664581E-9
-7.454667E+2	1.664581E-9
-7.487333E+2	1.664581E-9
-7.506667E+2	1.664581E-9
-7.532667E+2	1.636370E-9
-7.572000E+2	1.636370E-9
-7.591333E+2	1.664581E-9
-7.630667E+2	1.678686E-9
-7.656667E+2	1.657528E-9
-7.676667E+2	1.643423E-9
-7.706000E+2	1.685738E-9
-7.732000E+2	1.643423E-9
-7.768000E+2	1.657528E-9
-7.787333E+2	1.650475E-9
-7.810667E+2	1.685738E-9
-7.849333E+2	1.657528E-9
-7.885333E+2	1.636370E-9
-7.918000E+2	1.629318E-9
-7.950667E+2	1.650475E-9
-7.993333E+2	1.650475E-9
-8.026000E+2	1.657528E-9
-8.052000E+2	1.657528E-9
-8.081333E+2	1.657528E-9
-8.110667E+2	1.664581E-9
-8.137333E+2	1.657528E-9
-8.173333E+2	1.664581E-9
-8.202667E+2	1.650475E-9
-8.235333E+2	1.671633E-9
-8.264667E+2	1.671633E-9
-8.304000E+2	1.692791E-9
-8.326667E+2	1.664581E-9
-8.356000E+2	1.657528E-9
-8.385333E+2	1.643423E-9
-8.418000E+2	1.692791E-9
-8.457333E+2	1.643423E-9
-8.483333E+2	1.657528E-9
-8.526000E+2	1.664581E-9
-8.542000E+2	1.664581E-9
-8.571333E+2	1.664581E-9
-8.604000E+2	1.671633E-9
-8.633333E+2	1.657528E-9
-8.669333E+2	1.685738E-9
-8.705333E+2	1.699843E-9
-8.744667E+2	1.671633E-9
-8.764000E+2	1.685738E-9
-8.800000E+2	1.657528E-9
-8.836000E+2	1.671633E-9
-8.868667E+2	1.671633E-9
-8.894667E+2	1.671633E-9
-8.930667E+2	1.664581E-9
-8.970000E+2	1.650475E-9
-8.996000E+2	1.664581E-9
-9.019333E+2	1.643423E-9
-9.055333E+2	1.643423E-9
-9.088000E+2	1.650475E-9
-9.114000E+2	1.650475E-9
-9.153333E+2	1.664581E-9
-9.179333E+2	1.629318E-9
-9.205333E+2	1.629318E-9
-9.228000E+2	1.643423E-9
-9.254000E+2	1.643423E-9
-9.284000E+2	1.657528E-9
-9.316667E+2	1.650475E-9
-9.342667E+2	1.657528E-9
-9.375333E+2	1.643423E-9
-9.408000E+2	1.664581E-9
-9.430667E+2	1.657528E-9
-9.456667E+2	1.643423E-9
-9.486000E+2	1.657528E-9
-9.518667E+2	1.657528E-9
-9.548000E+2	1.664581E-9
-9.568000E+2	1.643423E-9
-9.597333E+2	1.650475E-9
-9.616667E+2	1.636370E-9
-9.643333E+2	1.643423E-9
-9.672667E+2	1.650475E-9
-9.708667E+2	1.643423E-9
-9.741333E+2	1.643423E-9
-9.770667E+2	1.643423E-9
-9.812667E+2	1.657528E-9
-9.832667E+2	1.664581E-9
-9.872000E+2	1.657528E-9
-9.894667E+2	1.657528E-9
-9.914000E+2	1.636370E-9
-9.950000E+2	1.636370E-9
-9.972667E+2	1.650475E-9
-1.000867E+3	1.650475E-9
-1.005133E+3	1.643423E-9
-1.007400E+3	1.643423E-9
-1.010667E+3	1.657528E-9
-1.014267E+3	1.636370E-9
-1.017200E+3	1.657528E-9
-1.021133E+3	1.636370E-9
-1.023733E+3	1.643423E-9
-1.025400E+3	1.643423E-9
-1.028000E+3	1.643423E-9
-1.030600E+3	1.643423E-9
-1.033200E+3	1.671633E-9
-1.037133E+3	1.650475E-9
-1.040400E+3	1.657528E-9
-1.043000E+3	1.643423E-9
-1.046267E+3	1.650475E-9
-1.049267E+3	1.636370E-9
-1.052533E+3	1.657528E-9
-1.055133E+3	1.650475E-9
-1.058067E+3	1.636370E-9
-1.060000E+3	1.657528E-9
-1.063933E+3	1.650475E-9
-1.066533E+3	1.650475E-9
-1.070467E+3	1.629318E-9
-1.073400E+3	1.657528E-9
-1.076000E+3	1.657528E-9
-1.078000E+3	1.636370E-9
-1.081600E+3	1.615212E-9
-1.083533E+3	1.636370E-9
-1.087800E+3	1.664581E-9
-1.091400E+3	1.657528E-9
-1.093333E+3	1.636370E-9
-1.095267E+3	1.629318E-9
-1.099200E+3	1.664581E-9
-1.102133E+3	1.636370E-9
-1.105067E+3	1.650475E-9
-1.108333E+3	1.636370E-9
-1.112267E+3	1.643423E-9
-1.115533E+3	1.657528E-9
-1.118133E+3	1.643423E-9
-1.120467E+3	1.650475E-9
-1.123733E+3	1.636370E-9
-1.126000E+3	1.685738E-9
-1.128267E+3	1.671633E-9
-1.131200E+3	1.664581E-9
-1.134200E+3	1.622265E-9
-1.137467E+3	1.657528E-9
-1.140067E+3	1.636370E-9
-1.143000E+3	1.657528E-9
-1.145267E+3	1.650475E-9
-1.148533E+3	1.636370E-9
-1.151133E+3	1.657528E-9
-1.153133E+3	1.643423E-9
-1.155733E+3	1.622265E-9
-1.158000E+3	1.643423E-9
-1.161600E+3	1.629318E-9
-1.165200E+3	1.650475E-9
-1.167800E+3	1.622265E-9
-1.171067E+3	1.650475E-9
-1.173067E+3	1.643423E-9
-1.176933E+3	1.657528E-9
-1.180200E+3	1.643423E-9
-1.182867E+3	1.650475E-9
-1.185800E+3	1.629318E-9
-1.188733E+3	1.629318E-9
-1.192000E+3	1.664580E-9
-1.195267E+3	1.636370E-9
-1.198533E+3	1.650475E-9
-1.200800E+3	1.678686E-9
-1.203733E+3	1.622265E-9
-1.205733E+3	1.664581E-9
-1.209600E+3	1.643423E-9
-1.211933E+3	1.657528E-9
-1.215867E+3	1.629318E-9
-1.219133E+3	1.664580E-9
-1.222667E+3	1.643423E-9
-1.225000E+3	1.664581E-9
-1.227267E+3	1.636370E-9
-1.230867E+3	1.636370E-9
-1.235133E+3	1.643423E-9
-1.237733E+3	1.643423E-9
-1.240000E+3	1.636370E-9
-1.242933E+3	1.643423E-9
-1.245867E+3	1.643423E-9
-1.249133E+3	1.657528E-9
-1.252733E+3	1.657528E-9
-1.255667E+3	1.622265E-9
-1.258000E+3	1.643423E-9
-1.261867E+3	1.650475E-9
-1.264867E+3	1.664581E-9
-1.267800E+3	1.615212E-9
-1.271400E+3	1.636370E-9
-1.273333E+3	1.650475E-9
-1.275933E+3	1.622265E-9
-1.279533E+3	1.643423E-9
-1.282133E+3	1.629318E-9
-1.284133E+3	1.629318E-9
-1.288000E+3	1.636370E-9
-1.291000E+3	1.650475E-9
-1.293600E+3	1.636370E-9
-1.297533E+3	1.650475E-9
-1.300800E+3	1.629318E-9
-1.304067E+3	1.657528E-9
-1.306333E+3	1.664581E-9
-1.309267E+3	1.643423E-9
-1.312533E+3	1.650475E-9
-1.315133E+3	1.657528E-9
-1.317400E+3	1.636370E-9
-1.321000E+3	1.643423E-9
-1.323933E+3	1.657528E-9
-1.326267E+3	1.678686E-9
-1.329533E+3	1.671633E-9
-1.332133E+3	1.671633E-9
-1.335400E+3	1.678686E-9
-1.339333E+3	1.657528E-9
-1.342267E+3	1.664581E-9
-1.346200E+3	1.657528E-9
-1.349467E+3	1.685738E-9
-1.351733E+3	1.657528E-9
-1.355333E+3	1.664580E-9
-1.357933E+3	1.650475E-9
-1.360533E+3	1.664581E-9
-1.363133E+3	1.643423E-9
-1.365800E+3	1.643423E-9
-1.369667E+3	1.643423E-9
-1.373267E+3	1.664581E-9
-1.376867E+3	1.678686E-9
-1.379200E+3	1.664581E-9
-1.383067E+3	1.657528E-9
-1.386667E+3	1.664581E-9
-1.388667E+3	1.671633E-9
-1.391600E+3	1.671633E-9
-1.394533E+3	1.636370E-9
-1.396467E+3	1.664581E-9
-1.399733E+3	1.650475E-9
-1.399733E+3	1.664581E-9
-1.396133E+3	1.657528E-9
-1.391933E+3	1.650475E-9
-1.389933E+3	1.650475E-9
-1.386000E+3	1.664581E-9
-1.383400E+3	1.664581E-9
-1.380467E+3	1.629318E-9
-1.377200E+3	1.664581E-9
-1.374933E+3	1.650475E-9
-1.371667E+3	1.678686E-9
-1.368067E+3	1.692791E-9
-1.365133E+3	1.692791E-9
-1.362867E+3	1.671633E-9
-1.360200E+3	1.671633E-9
-1.357600E+3	1.685738E-9
-1.355000E+3	1.685738E-9
-1.351400E+3	1.671633E-9
-1.348467E+3	1.671633E-9
-1.346200E+3	1.685738E-9
-1.343867E+3	1.685738E-9
-1.340933E+3	1.657528E-9
-1.337333E+3	1.678685E-9
-1.335400E+3	1.671633E-9
-1.332800E+3	1.692791E-9
-1.330200E+3	1.699843E-9
-1.326933E+3	1.678686E-9
-1.323667E+3	1.713948E-9
-1.320667E+3	1.876158E-9
-1.316800E+3	1.876158E-9
-1.313867E+3	1.876158E-9
-1.311200E+3	1.862052E-9
-1.308267E+3	1.862052E-9
-1.305667E+3	1.883210E-9
-1.303067E+3	1.883210E-9
-1.298800E+3	1.890263E-9
-1.295867E+3	1.883210E-9
-1.292600E+3	1.890262E-9
-1.289667E+3	1.897315E-9
-1.287733E+3	1.904368E-9
-1.285400E+3	1.869105E-9
-1.282133E+3	1.876158E-9
-1.279867E+3	1.862052E-9
-1.277933E+3	1.890263E-9
-1.274667E+3	1.869105E-9
-1.270400E+3	1.890263E-9
-1.266800E+3	1.897315E-9
-1.263867E+3	1.876158E-9
-1.261267E+3	1.876158E-9
-1.259267E+3	1.897315E-9
-1.256333E+3	1.883210E-9
-1.253067E+3	1.883210E-9
-1.249133E+3	1.883210E-9
-1.245533E+3	1.883210E-9
-1.241667E+3	1.911420E-9
-1.238067E+3	1.876158E-9
-1.234467E+3	1.855000E-9
-1.232200E+3	1.890263E-9
-1.229533E+3	1.890263E-9
-1.226267E+3	1.890263E-9
-1.222667E+3	1.890263E-9
-1.218800E+3	1.904368E-9
-1.216800E+3	1.911420E-9
-1.213533E+3	1.890263E-9
-1.209933E+3	1.904368E-9
-1.206667E+3	1.911420E-9
-1.203400E+3	1.897315E-9
-1.201133E+3	1.904368E-9
-1.199200E+3	1.897315E-9
-1.195933E+3	1.911420E-9
-1.192333E+3	1.883210E-9
-1.188733E+3	1.876158E-9
-1.185467E+3	1.883210E-9
-1.181533E+3	1.897315E-9
-1.178933E+3	1.883210E-9
-1.176933E+3	1.904368E-9
-1.175000E+3	1.890263E-9
-1.172067E+3	1.883210E-9
-1.169133E+3	1.918473E-9
-1.166200E+3	1.876158E-9
-1.163867E+3	1.890263E-9
-1.160933E+3	1.897315E-9
-1.158000E+3	1.904368E-9
-1.155733E+3	1.897315E-9
-1.153467E+3	1.904368E-9
-1.150800E+3	1.897315E-9
-1.148867E+3	1.897315E-9
-1.146600E+3	1.897315E-9
-1.144000E+3	1.911420E-9
-1.140067E+3	1.904368E-9
-1.137133E+3	1.904368E-9
-1.134800E+3	1.897315E-9
-1.131867E+3	1.918473E-9
-1.128600E+3	1.911420E-9
-1.126000E+3	1.862052E-9
-1.122067E+3	1.918473E-9
-1.118133E+3	1.897315E-9
-1.114867E+3	1.904368E-9
-1.111000E+3	1.904368E-9
-1.108067E+3	1.904368E-9
-1.106067E+3	1.890263E-9
-1.103800E+3	1.904368E-9
-1.100200E+3	1.904368E-9
-1.096600E+3	1.890263E-9
-1.093000E+3	1.897315E-9
-1.088733E+3	1.897315E-9
-1.084867E+3	1.897315E-9
-1.081600E+3	1.890263E-9
-1.078933E+3	1.897315E-9
-1.075400E+3	1.904368E-9
-1.071467E+3	1.883210E-9
-1.068867E+3	1.904368E-9
-1.065867E+3	1.869105E-9
-1.061667E+3	1.869105E-9
-1.059333E+3	1.904368E-9
-1.056733E+3	1.883210E-9
-1.054467E+3	1.883210E-9
-1.050867E+3	1.890263E-9
-1.047267E+3	1.897315E-9
-1.044667E+3	1.897315E-9
-1.042400E+3	1.883210E-9
-1.040067E+3	1.876157E-9
-1.036800E+3	1.904368E-9
-1.032600E+3	1.897315E-9
-1.029333E+3	1.883210E-9
-1.026667E+3	1.883210E-9
-1.024067E+3	1.876158E-9
-1.021133E+3	1.883210E-9
-1.019200E+3	1.904368E-9
-1.015267E+3	1.904368E-9
-1.012333E+3	1.862052E-9
-1.009067E+3	1.918473E-9
-1.005800E+3	1.897315E-9
-1.002867E+3	1.904368E-9
-9.996000E+2	1.897315E-9
-9.960000E+2	1.890263E-9
-9.930667E+2	1.876158E-9
-9.898000E+2	1.876158E-9
-9.865333E+2	1.897315E-9
-9.842000E+2	1.925525E-9
-9.816000E+2	1.890263E-9
-9.783333E+2	1.883210E-9
-9.760667E+2	1.904368E-9
-9.734667E+2	1.876158E-9
-9.698667E+2	1.904367E-9
-9.659333E+2	1.890263E-9
-9.636667E+2	1.890263E-9
-9.607333E+2	1.904368E-9
-9.571333E+2	1.904368E-9
-9.548000E+2	1.897315E-9
-9.512667E+2	1.918473E-9
-9.473333E+2	1.897315E-9
-9.450000E+2	1.925525E-9
-9.427333E+2	1.904368E-9
-9.391333E+2	1.890263E-9
-9.362000E+2	1.897315E-9
-9.342667E+2	1.883210E-9
-9.310000E+2	1.890263E-9
-9.284000E+2	1.883210E-9
-9.257333E+2	1.890263E-9
-9.221333E+2	1.897315E-9
-9.195333E+2	1.911420E-9
-9.172667E+2	1.897315E-9
-9.133333E+2	1.897315E-9
-9.110667E+2	1.897315E-9
-9.084667E+2	1.883210E-9
-9.042000E+2	1.904368E-9
-9.012667E+2	1.918473E-9
-8.983333E+2	1.890263E-9
-8.950667E+2	1.890263E-9
-8.914667E+2	1.904368E-9
-8.892000E+2	1.890263E-9
-8.862000E+2	1.897315E-9
-8.839333E+2	1.890263E-9
-8.796667E+2	1.904368E-9
-8.774000E+2	1.918473E-9
-8.751333E+2	1.904368E-9
-8.715333E+2	1.918473E-9
-8.676000E+2	1.911420E-9
-8.646667E+2	1.890263E-9
-8.617333E+2	1.918473E-9
-8.584667E+2	1.911420E-9
-8.552000E+2	1.925525E-9
-8.526000E+2	1.918473E-9
-8.490000E+2	1.911420E-9
-8.447333E+2	1.925525E-9
-8.424667E+2	1.932578E-9
-8.388667E+2	1.939630E-9
-8.362667E+2	1.911420E-9
-8.342667E+2	1.939630E-9
-8.316667E+2	1.911420E-9
-8.290667E+2	1.911420E-9
-8.264667E+2	1.939630E-9
-8.244667E+2	1.918473E-9
-8.215333E+2	1.939630E-9
-8.170000E+2	1.925525E-9
-8.146667E+2	1.911420E-9
-8.110667E+2	1.953735E-9
-8.078000E+2	1.932578E-9
-8.055333E+2	1.911420E-9
-8.022667E+2	1.925525E-9
-7.990000E+2	1.918473E-9
-7.960667E+2	1.932578E-9
-7.928000E+2	1.911420E-9
-7.905333E+2	1.911420E-9
-7.862667E+2	1.939630E-9
-7.830000E+2	1.946683E-9
-7.800667E+2	1.939630E-9
-7.771333E+2	1.939630E-9
-7.735333E+2	1.939630E-9
-7.712667E+2	1.932578E-9
-7.676667E+2	1.946683E-9
-7.637333E+2	1.932578E-9
-7.608000E+2	1.946683E-9
-7.578667E+2	1.953735E-9
-7.555333E+2	1.960788E-9
-7.526000E+2	1.925525E-9
-7.506667E+2	1.925525E-9
-7.480667E+2	1.967840E-9
-7.441333E+2	1.967841E-9
-7.412000E+2	1.967840E-9
-7.376000E+2	1.953735E-9
-7.343333E+2	1.946683E-9
-7.317333E+2	1.974893E-9
-7.294000E+2	1.960788E-9
-7.252000E+2	1.967840E-9
-7.212667E+2	1.981946E-9
-7.176667E+2	1.967840E-9
-7.144000E+2	1.932578E-9
-7.111333E+2	1.974893E-9
-7.078667E+2	1.981946E-9
-7.052667E+2	1.974893E-9
-7.023333E+2	1.981946E-9
-6.980667E+2	1.967840E-9
-6.954667E+2	1.967840E-9
-6.928667E+2	1.974893E-9
-6.902000E+2	1.967840E-9
-6.863333E+2	1.974893E-9
-6.827333E+2	1.996051E-9
-6.801333E+2	2.017209E-9
-6.778000E+2	1.967840E-9
-6.748667E+2	1.988998E-9
-6.709333E+2	1.988998E-9
-6.676667E+2	1.988998E-9
-6.640667E+2	1.981946E-9
-6.614667E+2	1.981946E-9
-6.585333E+2	1.996051E-9
-6.566000E+2	2.003103E-9
-6.540000E+2	2.017209E-9
-6.507333E+2	2.024261E-9
-6.471333E+2	2.010156E-9
-6.451333E+2	2.052472E-9
-6.412000E+2	2.045419E-9
-6.389333E+2	2.010156E-9
-6.363333E+2	2.031314E-9
-6.337333E+2	2.024261E-9
-6.298000E+2	2.024261E-9
-6.275333E+2	2.045419E-9
-6.248667E+2	2.052472E-9
-6.222667E+2	2.038366E-9
-6.200000E+2	2.052472E-9
-6.177333E+2	2.045419E-9
-6.138000E+2	2.031314E-9
-6.102000E+2	2.045419E-9
-6.069333E+2	2.059524E-9
-6.043333E+2	2.045419E-9
-6.007333E+2	2.066577E-9
-5.971333E+2	2.101840E-9
-5.935333E+2	2.045419E-9
-5.899333E+2	2.059524E-9
-5.876667E+2	2.080682E-9
-5.837333E+2	2.080682E-9
-5.814667E+2	2.073629E-9
-5.778667E+2	2.080682E-9
-5.742667E+2	2.137102E-9
-5.713333E+2	2.073629E-9
-5.687333E+2	2.087735E-9
-5.664000E+2	2.073629E-9
-5.638000E+2	2.087735E-9
-5.618667E+2	2.087735E-9
-5.595333E+2	2.080682E-9
-5.560000E+2	2.094787E-9
-5.530000E+2	2.115945E-9
-5.500667E+2	2.094787E-9
-5.462000E+2	2.115945E-9
-5.426000E+2	2.122997E-9
-5.399333E+2	2.137102E-9
-5.370000E+2	2.122997E-9
-5.340667E+2	2.115945E-9
-5.314667E+2	2.122997E-9
-5.295333E+2	2.144155E-9
-5.262667E+2	2.144155E-9
-5.226667E+2	2.130050E-9
-5.190667E+2	2.165312E-9
-5.158000E+2	2.172365E-9
-5.128667E+2	2.144155E-9
-5.099333E+2	2.165312E-9
-5.079333E+2	2.172365E-9
-5.043333E+2	2.179417E-9
-5.004667E+2	2.179417E-9
-4.965333E+2	2.193523E-9
-4.939333E+2	2.172365E-9
-4.916000E+2	2.200575E-9
-4.886667E+2	2.207628E-9
-4.857333E+2	2.214680E-9
-4.824667E+2	2.200575E-9
-4.782000E+2	2.200575E-9
-4.740000E+2	2.214680E-9
-4.720000E+2	2.200575E-9
-4.684000E+2	2.228786E-9
-4.651333E+2	2.235838E-9
-4.615333E+2	2.256996E-9
-4.589333E+2	2.228786E-9
-4.566667E+2	2.242891E-9
-4.524000E+2	2.249943E-9
-4.488000E+2	2.249943E-9
-4.452000E+2	2.271101E-9
-4.432667E+2	2.264048E-9
-4.400000E+2	2.271101E-9
-4.380667E+2	2.264048E-9
-4.348000E+2	2.271101E-9
-4.321333E+2	2.292258E-9
-4.302000E+2	2.278153E-9
-4.269333E+2	2.264048E-9
-4.233333E+2	2.306363E-9
-4.194000E+2	2.313416E-9
-4.158000E+2	2.306363E-9
-4.128667E+2	2.327521E-9
-4.102667E+2	2.306363E-9
-4.073333E+2	2.320468E-9
-4.050667E+2	2.327521E-9
-4.014667E+2	2.334574E-9
-3.988667E+2	2.341626E-9
-3.952667E+2	2.327521E-9
-3.920000E+2	2.334574E-9
-3.874000E+2	2.355731E-9
-3.854667E+2	2.355731E-9
-3.834667E+2	2.362784E-9
-3.802000E+2	2.362784E-9
-3.772667E+2	2.362784E-9
-3.730667E+2	2.355731E-9
-3.694667E+2	2.383942E-9
-3.668000E+2	2.398047E-9
-3.629333E+2	2.412152E-9
-3.606000E+2	2.383942E-9
-3.564000E+2	2.419205E-9
-3.524667E+2	2.419205E-9
-3.498667E+2	2.405100E-9
-3.469333E+2	2.419205E-9
-3.436667E+2	2.440363E-9
-3.413333E+2	2.440363E-9
-3.384000E+2	2.433310E-9
-3.358000E+2	2.447415E-9
-3.318667E+2	2.454468E-9
-3.292667E+2	2.447415E-9
-3.256667E+2	2.454468E-9
-3.227333E+2	2.454468E-9
-3.208000E+2	2.482678E-9
-3.172000E+2	2.468573E-9
-3.152000E+2	2.489730E-9
-3.119333E+2	2.475625E-9
-3.090000E+2	2.482678E-9
-3.057333E+2	2.489730E-9
-3.021333E+2	2.475625E-9
-2.988667E+2	2.489730E-9
-2.959333E+2	2.496783E-9
-2.936667E+2	2.503835E-9
-2.900667E+2	2.517940E-9
-2.871333E+2	2.496783E-9
-2.835333E+2	2.503835E-9
-2.802667E+2	2.517941E-9
-2.773333E+2	2.546151E-9
-2.744000E+2	2.532045E-9
-2.711333E+2	2.510888E-9
-2.678667E+2	2.524993E-9
-2.649333E+2	2.546151E-9
-2.616667E+2	2.539098E-9
-2.587333E+2	2.517940E-9
-2.560667E+2	2.546151E-9
-2.538000E+2	2.567308E-9
-2.512000E+2	2.574361E-9
-2.479333E+2	2.539098E-9
-2.433333E+2	2.567308E-9
-2.410667E+2	2.560256E-9
-2.374667E+2	2.546151E-9
-2.345333E+2	2.553203E-9
-2.322667E+2	2.567308E-9
-2.290000E+2	2.581414E-9
-2.270000E+2	2.553203E-9
-2.240667E+2	2.567308E-9
-2.218000E+2	2.595519E-9
-2.182000E+2	2.567308E-9
-2.142667E+2	2.574361E-9
-2.116667E+2	2.602571E-9
-2.087333E+2	2.574361E-9
-2.061333E+2	2.595519E-9
-2.032000E+2	2.567308E-9
-2.002000E+2	2.567308E-9
-1.966667E+2	2.581414E-9
-1.934000E+2	2.595519E-9
-1.914000E+2	2.609624E-9
-1.881333E+2	2.574361E-9
-1.858667E+2	2.581414E-9
-1.826000E+2	2.595519E-9
-1.793333E+2	2.588466E-9
-1.764000E+2	2.602571E-9
-1.738000E+2	2.581414E-9
-1.698667E+2	2.588466E-9
-1.682000E+2	2.581414E-9
-1.656000E+2	2.581414E-9
-1.633333E+2	2.602571E-9
-1.604000E+2	2.595519E-9
-1.561333E+2	2.574361E-9
-1.532000E+2	2.609624E-9
-1.492667E+2	2.574361E-9
-1.463333E+2	2.609624E-9
-1.444000E+2	2.595519E-9
-1.420667E+2	2.602571E-9
-1.391333E+2	2.595519E-9
-1.352000E+2	2.595519E-9
-1.322667E+2	2.602571E-9
-1.303333E+2	2.609624E-9
-1.274000E+2	2.595519E-9
-1.248000E+2	2.616677E-9
-1.224667E+2	2.602571E-9
-1.202000E+2	2.588466E-9
-1.176000E+2	2.595519E-9
-1.152667E+2	2.595519E-9
-1.123333E+2	2.595519E-9
-1.097333E+2	2.609624E-9
-1.064667E+2	2.588466E-9
-1.038667E+2	2.581414E-9
-1.006000E+2	2.602571E-9
-9.800000E+1	2.567308E-9
-9.566667E+1	2.595519E-9
-9.240000E+1	2.602571E-9
-8.853333E+1	2.581414E-9
-8.493333E+1	2.588466E-9
-8.133333E+1	2.574361E-9
-7.740000E+1	2.539098E-9
-7.480000E+1	2.581414E-9
-7.086667E+1	2.546151E-9
-6.726667E+1	2.574361E-9
-6.533333E+1	2.567308E-9
-6.240000E+1	2.553203E-9
-5.880000E+1	2.567308E-9
-5.486667E+1	2.560256E-9
-5.193333E+1	2.560256E-9
-4.866667E+1	2.524993E-9
-4.573333E+1	2.524993E-9
-4.246667E+1	2.532045E-9
-3.886667E+1	2.553203E-9
-3.626667E+1	2.524993E-9
-3.233333E+1	2.553203E-9
-2.940000E+1	2.553203E-9
-2.646667E+1	2.524993E-9
-2.413333E+1	2.524993E-9
-2.186667E+1	2.532045E-9
-1.893333E+1	2.539098E-9
-1.600000E+1	2.503835E-9
-1.240000E+1	2.532045E-9
-1.013333E+1	2.517940E-9
-7.200000E+0	2.489730E-9
-2.600000E+0	2.503835E-9
-6.666667E-1	2.503835E-9
2.333333E+0	2.532045E-9
5.600000E+0	2.489730E-9
8.866667E+0	2.496783E-9
1.146667E+1	2.482678E-9
1.340000E+1	2.496783E-9
1.633333E+1	2.482678E-9
1.893333E+1	2.468573E-9
2.253333E+1	2.468573E-9
2.580000E+1	2.482678E-9
2.813333E+1	2.482678E-9
3.233333E+1	2.440363E-9
3.526667E+1	2.489730E-9
3.886667E+1	2.461520E-9
4.086667E+1	2.447415E-9
4.380000E+1	2.447415E-9
4.740000E+1	2.440363E-9
5.066667E+1	2.447415E-9
5.460000E+1	2.433310E-9
5.686667E+1	2.433310E-9
5.980000E+1	2.419205E-9
6.340000E+1	2.440363E-9
6.700000E+1	2.433310E-9
6.993333E+1	2.405100E-9
7.286667E+1	2.405100E-9
7.546667E+1	2.398047E-9
7.873333E+1	2.383942E-9
8.233333E+1	2.390994E-9
8.493333E+1	2.383942E-9
8.786667E+1	2.398047E-9
9.113333E+1	2.390994E-9
9.440000E+1	2.362784E-9
9.733333E+1	2.376889E-9
1.009333E+2	2.369837E-9
1.045333E+2	2.348679E-9
1.074667E+2	2.341626E-9
1.107333E+2	2.334574E-9
1.150000E+2	2.327521E-9
1.182667E+2	2.355731E-9
1.208667E+2	2.341626E-9
1.234667E+2	2.306363E-9
1.258000E+2	2.306363E-9
1.290667E+2	2.306363E-9
1.323333E+2	2.320468E-9
1.352667E+2	2.313416E-9
1.372000E+2	2.306363E-9
1.411333E+2	2.320469E-9
1.434000E+2	2.278153E-9
1.457333E+2	2.320468E-9
1.486667E+2	2.313416E-9
1.516000E+2	2.278153E-9
1.542000E+2	2.271101E-9
1.574667E+2	2.292258E-9
1.604000E+2	2.264048E-9
1.636667E+2	2.264048E-9
1.666000E+2	2.271101E-9
1.692000E+2	2.242891E-9
1.724667E+2	2.278153E-9
1.744667E+2	2.256996E-9
1.770667E+2	2.214680E-9
1.806667E+2	2.242891E-9
1.842667E+2	2.242891E-9
1.878667E+2	2.235838E-9
1.901333E+2	2.235838E-9
1.920667E+2	2.228786E-9
1.944000E+2	2.221733E-9
1.966667E+2	2.214680E-9
2.002667E+2	2.221733E-9
2.035333E+2	2.221733E-9
2.064667E+2	2.214680E-9
2.100667E+2	2.193523E-9
2.136667E+2	2.179417E-9
2.159333E+2	2.200575E-9
2.188667E+2	2.172365E-9
2.224667E+2	2.172365E-9
2.260667E+2	2.179417E-9
2.280000E+2	2.165312E-9
2.303333E+2	2.165312E-9
2.332667E+2	2.165312E-9
2.355333E+2	2.165312E-9
2.381333E+2	2.172365E-9
2.417333E+2	2.122997E-9
2.453333E+2	2.158260E-9
2.492667E+2	2.151207E-9
2.522000E+2	2.144155E-9
2.561333E+2	2.151207E-9
2.587333E+2	2.122997E-9
2.610000E+2	2.130050E-9
2.639333E+2	2.122997E-9
2.675333E+2	2.115945E-9
2.704667E+2	2.122997E-9
2.737333E+2	2.122997E-9
2.770000E+2	2.101840E-9
2.800000E+2	2.108892E-9
2.829333E+2	2.087735E-9
2.852000E+2	2.087735E-9
2.888000E+2	2.087735E-9
2.924000E+2	2.080682E-9
2.956667E+2	2.080682E-9
2.992667E+2	2.066577E-9
3.031333E+2	2.066577E-9
3.054667E+2	2.087734E-9
3.094000E+2	2.059524E-9
3.129333E+2	2.101840E-9
3.172000E+2	2.059524E-9
3.194667E+2	2.059524E-9
3.221333E+2	2.087735E-9
3.240667E+2	2.080682E-9
3.270000E+2	2.073629E-9
3.306000E+2	2.045419E-9
3.338667E+2	2.052472E-9
3.364667E+2	2.052472E-9
3.388000E+2	2.059524E-9
3.414000E+2	2.045419E-9
3.446667E+2	2.031314E-9
3.472667E+2	2.024261E-9
3.508667E+2	2.038366E-9
3.548000E+2	2.031314E-9
3.570667E+2	2.045419E-9
3.593333E+2	2.024261E-9
3.632667E+2	2.017209E-9
3.655333E+2	2.010156E-9
3.688000E+2	1.974893E-9
3.717333E+2	2.010156E-9
3.750000E+2	2.003103E-9
3.786000E+2	2.010156E-9
3.809333E+2	2.003103E-9
3.842000E+2	1.996051E-9
3.868000E+2	2.003103E-9
3.907333E+2	1.981946E-9
3.930000E+2	1.988998E-9
3.956000E+2	1.996051E-9
3.985333E+2	2.010156E-9
4.018000E+2	1.981946E-9
4.044000E+2	1.960788E-9
4.076667E+2	1.988998E-9
4.103333E+2	2.010156E-9
4.136000E+2	1.996051E-9
4.168667E+2	1.996051E-9
4.191333E+2	1.974893E-9
4.227333E+2	1.981946E-9
4.260000E+2	1.988998E-9
4.286000E+2	1.974893E-9
4.315333E+2	1.967840E-9
4.344667E+2	1.981946E-9
4.374000E+2	1.953735E-9
4.413333E+2	1.981946E-9
4.433333E+2	1.960788E-9
4.456000E+2	1.953735E-9
4.495333E+2	1.967840E-9
4.528000E+2	1.939630E-9
4.550667E+2	1.953735E-9
4.590000E+2	1.946683E-9
4.629333E+2	1.996051E-9
4.648667E+2	1.981946E-9
4.671333E+2	1.953735E-9
4.694667E+2	1.981946E-9
4.727333E+2	1.939630E-9
4.760000E+2	1.967840E-9
4.786000E+2	1.974893E-9
4.822000E+2	1.967840E-9
4.858000E+2	1.967840E-9
4.896667E+2	1.960788E-9
4.932667E+2	1.953735E-9
4.962000E+2	1.953735E-9
4.991333E+2	1.953735E-9
5.018000E+2	1.939630E-9
5.040667E+2	1.939630E-9
5.070000E+2	1.946683E-9
5.096000E+2	1.932578E-9
5.132000E+2	1.932578E-9
5.161333E+2	1.932578E-9
5.187333E+2	1.946683E-9
5.214000E+2	1.918473E-9
5.236667E+2	1.946683E-9
5.262667E+2	1.939630E-9
5.295333E+2	1.946683E-9
5.331333E+2	1.953735E-9
5.354000E+2	1.939630E-9
5.393333E+2	1.918473E-9
5.419333E+2	1.946683E-9
5.439333E+2	1.925525E-9
5.462000E+2	1.953735E-9
5.494667E+2	1.925525E-9
5.520667E+2	1.918473E-9
5.546667E+2	1.932578E-9
5.566667E+2	1.939630E-9
5.589333E+2	1.925525E-9
5.628667E+2	1.932578E-9
5.651333E+2	1.918473E-9
5.677333E+2	1.939630E-9
5.697333E+2	1.946683E-9
5.730000E+2	1.918473E-9
5.762667E+2	1.932578E-9
5.788667E+2	1.890263E-9
5.811333E+2	1.960788E-9
5.854000E+2	1.911420E-9
5.876667E+2	1.939630E-9
5.906000E+2	1.897315E-9
5.936000E+2	1.918473E-9
5.962000E+2	1.925525E-9
5.988000E+2	1.925525E-9
6.020667E+2	1.932578E-9
6.060000E+2	1.932578E-9
6.086000E+2	1.904368E-9
6.105333E+2	1.925525E-9
6.128667E+2	1.911420E-9
6.158000E+2	1.918473E-9
6.187333E+2	1.932578E-9
6.210000E+2	1.939630E-9
6.239333E+2	1.932578E-9
6.268667E+2	1.925525E-9
6.298000E+2	1.925525E-9
6.334000E+2	1.911420E-9
6.360667E+2	1.925525E-9
6.380000E+2	1.904368E-9
6.402667E+2	1.911420E-9
6.428667E+2	1.932578E-9
6.468000E+2	1.897315E-9
6.500667E+2	1.911420E-9
6.530000E+2	1.918473E-9
6.559333E+2	1.897315E-9
6.582667E+2	1.946683E-9
6.608667E+2	1.925525E-9
6.641333E+2	1.925525E-9
6.674000E+2	1.932578E-9
6.706667E+2	1.918473E-9
6.726000E+2	1.918473E-9
6.749333E+2	1.925525E-9
6.788000E+2	1.939630E-9
6.818000E+2	1.925525E-9
6.863333E+2	1.932578E-9
6.889333E+2	1.925525E-9
6.918667E+2	1.925525E-9
6.945333E+2	1.876158E-9
6.981333E+2	1.897315E-9
7.014000E+2	1.876158E-9
7.040000E+2	1.883210E-9
7.062667E+2	1.904368E-9
7.098667E+2	1.883210E-9
7.121333E+2	1.883210E-9
7.154000E+2	1.869105E-9
7.193333E+2	1.890263E-9
7.226000E+2	1.876158E-9
7.258667E+2	1.876158E-9
7.291333E+2	1.883210E-9
7.327333E+2	1.869105E-9
7.356667E+2	1.862052E-9
7.399333E+2	1.890263E-9
7.425333E+2	1.855000E-9
7.448000E+2	1.883210E-9
7.468000E+2	1.890263E-9
7.494000E+2	1.904368E-9
7.516667E+2	1.890263E-9
7.552667E+2	1.869105E-9
7.588667E+2	1.855000E-9
7.621333E+2	1.869105E-9
7.654000E+2	1.869105E-9
7.676667E+2	1.883210E-9
7.706000E+2	1.904368E-9
7.745333E+2	1.847947E-9
7.781333E+2	1.847947E-9
7.807333E+2	1.869105E-9
7.830667E+2	1.862052E-9
7.856667E+2	1.883210E-9
7.892667E+2	1.847947E-9
7.922000E+2	1.876157E-9
7.944667E+2	1.869105E-9
7.964000E+2	1.876158E-9
7.987333E+2	1.855000E-9
8.013333E+2	1.876158E-9
8.052667E+2	1.890263E-9
8.072000E+2	1.883210E-9
8.104667E+2	1.869105E-9
8.134000E+2	1.883210E-9
8.160000E+2	1.855000E-9
8.196000E+2	1.869105E-9
8.222667E+2	1.876158E-9
8.255333E+2	1.840895E-9
8.294000E+2	1.862052E-9
8.326667E+2	1.855000E-9
8.366000E+2	1.869105E-9
8.402000E+2	1.862052E-9
8.424667E+2	1.890263E-9
8.451333E+2	1.876158E-9
8.484000E+2	1.855000E-9
8.510000E+2	1.883210E-9
8.546000E+2	1.855000E-9
8.575333E+2	1.862052E-9
8.608000E+2	1.862052E-9
8.647333E+2	1.862052E-9
8.676667E+2	1.855000E-9
8.702667E+2	1.869105E-9
8.732000E+2	1.876158E-9
8.771333E+2	1.890263E-9
8.804000E+2	1.869105E-9
8.826667E+2	1.869105E-9
8.852667E+2	1.869105E-9
8.888667E+2	1.869105E-9
8.924667E+2	1.876158E-9
8.960667E+2	1.855000E-9
8.993333E+2	1.883210E-9
9.016000E+2	1.847947E-9
9.052000E+2	1.855000E-9
9.074667E+2	1.869105E-9
9.101333E+2	1.855000E-9
9.130667E+2	1.862052E-9
9.150000E+2	1.876158E-9
9.182667E+2	1.847947E-9
9.212000E+2	1.847947E-9
9.238000E+2	1.876158E-9
9.270667E+2	1.890263E-9
9.306667E+2	1.876158E-9
9.333333E+2	1.869105E-9
9.359333E+2	1.862052E-9
9.388667E+2	1.883210E-9
9.418000E+2	1.840895E-9
9.460667E+2	1.890263E-9
9.493333E+2	1.855000E-9
9.522667E+2	1.847947E-9
9.552000E+2	1.840895E-9
9.584667E+2	1.855000E-9
9.614000E+2	1.869105E-9
9.640000E+2	1.869105E-9
9.672667E+2	1.855000E-9
9.702000E+2	1.869105E-9
9.738000E+2	1.862052E-9
9.767333E+2	1.855000E-9
9.787333E+2	1.847947E-9
9.806667E+2	1.876157E-9
9.832667E+2	1.890263E-9
9.865333E+2	1.847947E-9
9.888667E+2	1.847947E-9
9.914667E+2	1.855000E-9
9.944000E+2	1.876158E-9
9.966667E+2	1.855000E-9
9.989333E+2	1.855000E-9
1.002533E+3	1.876158E-9
1.006467E+3	1.869105E-9
1.009067E+3	1.883210E-9
1.013000E+3	1.862052E-9
1.016267E+3	1.862052E-9
1.018867E+3	1.876158E-9
1.021800E+3	1.876157E-9
1.025400E+3	1.869105E-9
1.027400E+3	1.876157E-9
1.031333E+3	1.862052E-9
1.034267E+3	1.862052E-9
1.037867E+3	1.869105E-9
1.040133E+3	1.847947E-9
1.042400E+3	1.869105E-9
1.044667E+3	1.855000E-9
1.047333E+3	1.876158E-9
1.050267E+3	1.869105E-9
1.053867E+3	1.833842E-9
1.057133E+3	1.883210E-9
1.059067E+3	1.862052E-9
1.061667E+3	1.883210E-9
1.065267E+3	1.869105E-9
1.068200E+3	1.862052E-9
1.071800E+3	1.862052E-9
1.074733E+3	1.862052E-9
1.076733E+3	1.847947E-9
1.080000E+3	1.840895E-9
1.083267E+3	1.826789E-9
1.086867E+3	1.869105E-9
1.089467E+3	1.840895E-9
1.093067E+3	1.840895E-9
1.095667E+3	1.833842E-9
1.098933E+3	1.855000E-9
1.103467E+3	1.855000E-9
1.107400E+3	1.869105E-9
1.111333E+3	1.876158E-9
1.113933E+3	1.869105E-9
1.116533E+3	1.862052E-9
1.119533E+3	1.869105E-9
1.123067E+3	1.869105E-9
1.125067E+3	1.855000E-9
1.128000E+3	1.855000E-9
1.130600E+3	1.855000E-9
1.132600E+3	1.869105E-9
1.134867E+3	1.855000E-9
1.137467E+3	1.826789E-9
1.139400E+3	1.833842E-9
1.142067E+3	1.847947E-9
1.145333E+3	1.855000E-9
1.149200E+3	1.847947E-9
1.151533E+3	1.869105E-9
1.153467E+3	1.840895E-9
1.155467E+3	1.826789E-9
1.159000E+3	1.847947E-9
1.162600E+3	1.840895E-9
1.166533E+3	1.826789E-9
1.169467E+3	1.826789E-9
1.172400E+3	1.826789E-9
1.176000E+3	1.840895E-9
1.179600E+3	1.826789E-9
1.183533E+3	1.826789E-9
1.185800E+3	1.826789E-9
1.189067E+3	1.862052E-9
1.192000E+3	1.819737E-9
1.194933E+3	1.805632E-9
1.198200E+3	1.862052E-9
1.200867E+3	1.855000E-9
1.204133E+3	1.833842E-9
1.206733E+3	1.826789E-9
1.209333E+3	1.840895E-9
1.213267E+3	1.833842E-9
1.216533E+3	1.847947E-9
1.218800E+3	1.819737E-9
1.221067E+3	1.840895E-9
1.224333E+3	1.812684E-9
1.227933E+3	1.819737E-9
1.230600E+3	1.826789E-9
1.234467E+3	1.847947E-9
1.237733E+3	1.847947E-9
1.241333E+3	1.840895E-9
1.244600E+3	1.840895E-9
1.248533E+3	1.791526E-9
1.252133E+3	1.833842E-9
1.254067E+3	1.847947E-9
1.257667E+3	1.847947E-9
1.261267E+3	1.840895E-9
1.263533E+3	1.855000E-9
1.265200E+3	1.812684E-9
1.267467E+3	1.819737E-9
1.270733E+3	1.833842E-9
1.273067E+3	1.840895E-9
1.276333E+3	1.826789E-9
1.279267E+3	1.847947E-9
1.282867E+3	1.826789E-9
1.285800E+3	1.826789E-9
1.288733E+3	1.826789E-9
1.292000E+3	1.840895E-9
1.295267E+3	1.833842E-9
1.298867E+3	1.833842E-9
1.301800E+3	1.840895E-9
1.305067E+3	1.833842E-9
1.307000E+3	1.855000E-9
1.309267E+3	1.819737E-9
1.312533E+3	1.826789E-9
1.315200E+3	1.826789E-9
1.317133E+3	1.819737E-9
1.320733E+3	1.840895E-9
1.323667E+3	1.819737E-9
1.325600E+3	1.826789E-9
1.329533E+3	1.855000E-9
1.333467E+3	1.833842E-9
1.335733E+3	1.833842E-9
1.338667E+3	1.855000E-9
1.340667E+3	1.833842E-9
1.344267E+3	1.862052E-9
1.346533E+3	1.833842E-9
1.349133E+3	1.833842E-9
1.351733E+3	1.833842E-9
1.354400E+3	1.826789E-9
1.356667E+3	1.847947E-9
1.360933E+3	1.840895E-9
1.364800E+3	1.855000E-9
1.368400E+3	1.840895E-9
1.371067E+3	1.847947E-9
1.373667E+3	1.819737E-9
1.376267E+3	1.847947E-9
1.379867E+3	1.840895E-9
1.383467E+3	1.819737E-9
1.386067E+3	1.840895E-9
1.388667E+3	1.840895E-9
1.391600E+3	1.847947E-9
1.393600E+3	1.833842E-9
1.395867E+3	1.840895E-9
1.398467E+3	1.826789E-9
