-3.333333E-1	2.539098E-9
-3.266667E+0	2.539098E-9
-7.200000E+0	2.553203E-9
-9.800000E+0	2.524993E-9
-1.306667E+1	2.567308E-9
-1.500000E+1	2.532045E-9
-1.793333E+1	2.539098E-9
-2.153333E+1	2.560256E-9
-2.480000E+1	2.517940E-9
-2.706667E+1	2.546151E-9
-3.006667E+1	2.524993E-9
-3.300000E+1	2.553203E-9
-3.626667E+1	2.532045E-9
-3.853333E+1	2.539098E-9
-4.280000E+1	2.553203E-9
-4.540000E+1	2.510888E-9
-4.900000E+1	2.524993E-9
-5.193333E+1	2.546151E-9
-5.453333E+1	2.524993E-9
-5.813333E+1	2.546151E-9
-6.040000E+1	2.546151E-9
-6.300000E+1	2.546151E-9
-6.600000E+1	2.517940E-9
-6.953333E+1	2.546151E-9
-7.280000E+1	2.489730E-9
-7.480000E+1	2.532045E-9
-7.873333E+1	2.539098E-9
-8.166667E+1	2.532045E-9
-8.493333E+1	2.503835E-9
-8.853333E+1	2.517940E-9
-9.240000E+1	2.510888E-9
-9.566667E+1	2.517940E-9
-9.893333E+1	2.517940E-9
-1.012667E+2	2.524993E-9
-1.048667E+2	2.503835E-9
-1.078000E+2	2.475625E-9
-1.117333E+2	2.496783E-9
-1.152667E+2	2.496783E-9
-1.185333E+2	2.482678E-9
-1.224667E+2	2.489730E-9
-1.244667E+2	2.489730E-9
-1.280667E+2	2.517940E-9
-1.313333E+2	2.496783E-9
-1.342667E+2	2.496783E-9
-1.381333E+2	2.475625E-9
-1.414000E+2	2.489730E-9
-1.456667E+2	2.468573E-9
-1.482667E+2	2.468573E-9
-1.515333E+2	2.461520E-9
-1.554667E+2	2.461520E-9
-1.584000E+2	2.440363E-9
-1.610000E+2	2.461520E-9
-1.640000E+2	2.461520E-9
-1.672667E+2	2.447415E-9
-1.702000E+2	2.440362E-9
-1.738000E+2	2.419205E-9
-1.770667E+2	2.433310E-9
-1.800000E+2	2.412152E-9
-1.822667E+2	2.419205E-9
-1.848667E+2	2.419205E-9
-1.884667E+2	2.426257E-9
-1.910667E+2	2.412152E-9
-1.940000E+2	2.376889E-9
-1.976000E+2	2.405100E-9
-2.008667E+2	2.412152E-9
-2.048000E+2	2.398047E-9
-2.077333E+2	2.390994E-9
-2.113333E+2	2.348679E-9
-2.142667E+2	2.376889E-9
-2.172000E+2	2.398047E-9
-2.211333E+2	2.355731E-9
-2.244000E+2	2.362784E-9
-2.280000E+2	2.348679E-9
-2.316000E+2	2.327521E-9
-2.345333E+2	2.376889E-9
-2.374667E+2	2.320468E-9
-2.407333E+2	2.341626E-9
-2.436667E+2	2.334574E-9
-2.472667E+2	2.299311E-9
-2.505333E+2	2.306363E-9
-2.538000E+2	2.313416E-9
-2.557333E+2	2.327521E-9
-2.584000E+2	2.299311E-9
-2.620000E+2	2.306363E-9
-2.658667E+2	2.292258E-9
-2.688000E+2	2.271101E-9
-2.714667E+2	2.278153E-9
-2.750667E+2	2.249943E-9
-2.780000E+2	2.256996E-9
-2.802667E+2	2.278153E-9
-2.825333E+2	2.278153E-9
-2.864667E+2	2.278153E-9
-2.887333E+2	2.242891E-9
-2.914000E+2	2.228786E-9
-2.936667E+2	2.228786E-9
-2.979333E+2	2.256996E-9
-3.005333E+2	2.264048E-9
-3.028000E+2	2.214680E-9
-3.057333E+2	2.228786E-9
-3.083333E+2	2.200575E-9
-3.106667E+2	2.221733E-9
-3.145333E+2	2.193523E-9
-3.175333E+2	2.200575E-9
-3.194667E+2	2.200575E-9
-3.224000E+2	2.207628E-9
-3.256667E+2	2.207628E-9
-3.286000E+2	2.186470E-9
-3.315333E+2	2.165312E-9
-3.341333E+2	2.165312E-9
-3.368000E+2	2.165312E-9
-3.387333E+2	2.172365E-9
-3.416667E+2	2.158260E-9
-3.452667E+2	2.144155E-9
-3.495333E+2	2.144155E-9
-3.524667E+2	2.137102E-9
-3.550667E+2	2.137102E-9
-3.576667E+2	2.122997E-9
-3.600000E+2	2.130050E-9
-3.626000E+2	2.115945E-9
-3.655333E+2	2.151207E-9
-3.684667E+2	2.115945E-9
-3.707333E+2	2.115945E-9
-3.746667E+2	2.122997E-9
-3.772667E+2	2.108892E-9
-3.815333E+2	2.101840E-9
-3.841333E+2	2.101840E-9
-3.880667E+2	2.073629E-9
-3.920000E+2	2.073629E-9
-3.952667E+2	2.059524E-9
-3.988667E+2	2.066577E-9
-4.008000E+2	2.059524E-9
-4.034000E+2	2.066577E-9
-4.060000E+2	2.080682E-9
-4.096000E+2	2.045419E-9
-4.132000E+2	2.059524E-9
-4.158000E+2	2.017209E-9
-4.194000E+2	2.045419E-9
-4.217333E+2	2.031314E-9
-4.250000E+2	2.031314E-9
-4.279333E+2	2.038366E-9
-4.305333E+2	2.045419E-9
-4.334667E+2	2.017209E-9
-4.364000E+2	2.017209E-9
-4.393333E+2	2.024261E-9
-4.419333E+2	2.045419E-9
-4.458667E+2	2.003103E-9
-4.488000E+2	2.024261E-9
-4.514667E+2	2.024261E-9
-4.537333E+2	2.003103E-9
-4.563333E+2	2.003103E-9
-4.589333E+2	2.010156E-9
-4.622000E+2	2.003103E-9
-4.654667E+2	1.967840E-9
-4.694000E+2	1.988998E-9
-4.730000E+2	1.988998E-9
-4.762667E+2	1.967840E-9
-4.792000E+2	1.988998E-9
-4.831333E+2	1.981946E-9
-4.854000E+2	1.988998E-9
-4.874000E+2	1.981946E-9
-4.906667E+2	1.974893E-9
-4.929333E+2	1.974893E-9
-4.965333E+2	1.960788E-9
-5.001333E+2	1.960788E-9
-5.030667E+2	1.967840E-9
-5.056667E+2	1.946683E-9
-5.089333E+2	1.960788E-9
-5.125333E+2	1.946683E-9
-5.164667E+2	1.974893E-9
-5.187333E+2	1.946683E-9
-5.216667E+2	1.967840E-9
-5.246000E+2	1.932578E-9
-5.275333E+2	1.925525E-9
-5.301333E+2	1.918473E-9
-5.328000E+2	1.939630E-9
-5.354000E+2	1.925525E-9
-5.373333E+2	1.904368E-9
-5.393333E+2	1.925525E-9
-5.429333E+2	1.911420E-9
-5.452000E+2	1.911420E-9
-5.478000E+2	1.911420E-9
-5.497333E+2	1.890263E-9
-5.527333E+2	1.925525E-9
-5.550000E+2	1.911420E-9
-5.572667E+2	1.918473E-9
-5.608667E+2	1.904368E-9
-5.638000E+2	1.890263E-9
-5.677333E+2	1.897315E-9
-5.706667E+2	1.890263E-9
-5.732667E+2	1.883210E-9
-5.772000E+2	1.911420E-9
-5.808000E+2	1.890263E-9
-5.834000E+2	1.876158E-9
-5.856667E+2	1.890263E-9
-5.883333E+2	1.904368E-9
-5.912667E+2	1.890263E-9
-5.942000E+2	1.883210E-9
-5.971333E+2	1.876158E-9
-6.007333E+2	1.883210E-9
-6.033333E+2	1.862052E-9
-6.059333E+2	1.890263E-9
-6.088667E+2	1.883210E-9
-6.121333E+2	1.876158E-9
-6.160667E+2	1.883210E-9
-6.186667E+2	1.862052E-9
-6.229333E+2	1.847947E-9
-6.265333E+2	1.876158E-9
-6.298000E+2	1.862052E-9
-6.334000E+2	1.883210E-9
-6.370000E+2	1.862052E-9
-6.396000E+2	1.869105E-9
-6.422000E+2	1.847947E-9
-6.461333E+2	1.876158E-9
-6.494000E+2	1.869105E-9
-6.533333E+2	1.840895E-9
-6.559333E+2	1.876158E-9
-6.598667E+2	1.876158E-9
-6.634667E+2	1.862052E-9
-6.657333E+2	1.847947E-9
-6.690000E+2	1.855000E-9
-6.709333E+2	1.855000E-9
-6.742000E+2	1.840895E-9
-6.765333E+2	1.862052E-9
-6.791333E+2	1.833842E-9
-6.827333E+2	1.855000E-9
-6.869333E+2	1.840895E-9
-6.902000E+2	1.833842E-9
-6.928667E+2	1.855000E-9
-6.948000E+2	1.847947E-9
-6.980667E+2	1.833842E-9
-7.013333E+2	1.840895E-9
-7.046000E+2	1.833842E-9
-7.075333E+2	1.862052E-9
-7.101333E+2	1.876158E-9
-7.137333E+2	1.862052E-9
-7.170000E+2	1.855000E-9
-7.196000E+2	1.833842E-9
-7.226000E+2	1.855000E-9
-7.255333E+2	1.833842E-9
-7.294000E+2	1.805632E-9
-7.314000E+2	1.826789E-9
-7.333333E+2	1.862052E-9
-7.362667E+2	1.855000E-9
-7.389333E+2	1.840895E-9
-7.424667E+2	1.840895E-9
-7.454667E+2	1.840895E-9
-7.493333E+2	1.833842E-9
-7.529333E+2	1.819737E-9
-7.558667E+2	1.847947E-9
-7.594667E+2	1.798579E-9
-7.630667E+2	1.812684E-9
-7.666667E+2	1.833842E-9
-7.696000E+2	1.819737E-9
-7.718667E+2	1.826789E-9
-7.742000E+2	1.819737E-9
-7.764667E+2	1.826789E-9
-7.794000E+2	1.812684E-9
-7.826667E+2	1.812684E-9
-7.856000E+2	1.819737E-9
-7.885333E+2	1.805632E-9
-7.918000E+2	1.819737E-9
-7.938000E+2	1.812684E-9
-7.970667E+2	1.798579E-9
-8.000000E+2	1.805632E-9
-8.022667E+2	1.791526E-9
-8.058667E+2	1.805632E-9
-8.084667E+2	1.805632E-9
-8.114000E+2	1.805632E-9
-8.146667E+2	1.819737E-9
-8.170000E+2	1.812684E-9
-8.206000E+2	1.812684E-9
-8.228667E+2	1.812684E-9
-8.251333E+2	1.812684E-9
-8.280667E+2	1.805632E-9
-8.306667E+2	1.798579E-9
-8.342667E+2	1.812684E-9
-8.369333E+2	1.805632E-9
-8.408000E+2	1.798579E-9
-8.437333E+2	1.812684E-9
-8.470000E+2	1.805632E-9
-8.506000E+2	1.812684E-9
-8.538667E+2	1.805632E-9
-8.568000E+2	1.805632E-9
-8.598000E+2	1.812684E-9
-8.624000E+2	1.798579E-9
-8.663333E+2	1.805632E-9
-8.702000E+2	1.798579E-9
-8.738000E+2	1.798579E-9
-8.764000E+2	1.805632E-9
-8.800000E+2	1.805632E-9
-8.823333E+2	1.812684E-9
-8.856000E+2	1.763316E-9
-8.878667E+2	1.798579E-9
-8.898000E+2	1.798579E-9
-8.927333E+2	1.784474E-9
-8.966667E+2	1.812684E-9
-8.992667E+2	1.826789E-9
-9.025333E+2	1.833842E-9
-9.061333E+2	1.819737E-9
-9.088000E+2	1.798579E-9
-9.123333E+2	1.812684E-9
-9.159333E+2	1.805632E-9
-9.188667E+2	1.798579E-9
-9.221333E+2	1.805632E-9
-9.241333E+2	1.791526E-9
-9.277333E+2	1.798579E-9
-9.306667E+2	1.798579E-9
-9.336000E+2	1.812684E-9
-9.365333E+2	1.812684E-9
-9.398000E+2	1.784474E-9
-9.424000E+2	1.777421E-9
-9.447333E+2	1.798579E-9
-9.470000E+2	1.819737E-9
-9.496000E+2	1.798579E-9
-9.522000E+2	1.798579E-9
-9.558000E+2	1.805632E-9
-9.594000E+2	1.784474E-9
-9.630000E+2	1.805632E-9
-9.659333E+2	1.798579E-9
-9.678667E+2	1.791526E-9
-9.721333E+2	1.812684E-9
-9.764000E+2	1.812684E-9
-9.800000E+2	1.798579E-9
-9.832667E+2	1.777421E-9
-9.858667E+2	1.791526E-9
-9.891333E+2	1.805632E-9
-9.927333E+2	1.819737E-9
-9.950000E+2	1.798579E-9
-9.979333E+2	1.798579E-9
-1.000267E+3	1.805632E-9
-1.002867E+3	1.798579E-9
-1.006800E+3	1.805632E-9
-1.008733E+3	1.784474E-9
-1.011667E+3	1.819737E-9
-1.014600E+3	1.791526E-9
-1.018200E+3	1.784474E-9
-1.021800E+3	1.805632E-9
-1.025733E+3	1.791526E-9
-1.029333E+3	1.812684E-9
-1.033200E+3	1.798579E-9
-1.036467E+3	1.798579E-9
-1.040400E+3	1.805632E-9
-1.042733E+3	1.777421E-9
-1.046267E+3	1.805632E-9
-1.048933E+3	1.791526E-9
-1.052800E+3	1.798579E-9
-1.056400E+3	1.791526E-9
-1.059067E+3	1.805632E-9
-1.062333E+3	1.798579E-9
-1.066200E+3	1.798579E-9
-1.069467E+3	1.791526E-9
-1.071800E+3	1.791526E-9
-1.075400E+3	1.784474E-9
-1.078333E+3	1.791526E-9
-1.081267E+3	1.791526E-9
-1.084867E+3	1.812684E-9
-1.087800E+3	1.812684E-9
-1.091067E+3	1.819737E-9
-1.095000E+3	1.791526E-9
-1.097267E+3	1.784474E-9
-1.099867E+3	1.798579E-9
-1.103467E+3	1.784474E-9
-1.106400E+3	1.777421E-9
-1.109000E+3	1.819737E-9
-1.111000E+3	1.805632E-9
-1.114267E+3	1.777421E-9
-1.118133E+3	1.805632E-9
-1.121133E+3	1.784474E-9
-1.125000E+3	1.777421E-9
-1.127000E+3	1.777421E-9
-1.130267E+3	1.812684E-9
-1.132533E+3	1.770369E-9
-1.135133E+3	1.805632E-9
-1.139400E+3	1.805632E-9
-1.142000E+3	1.791526E-9
-1.145600E+3	1.812684E-9
-1.149533E+3	1.791526E-9
-1.152800E+3	1.805632E-9
-1.155400E+3	1.777421E-9
-1.159000E+3	1.805632E-9
-1.162600E+3	1.798579E-9
-1.166200E+3	1.784474E-9
-1.169467E+3	1.812684E-9
-1.171067E+3	1.798579E-9
-1.173667E+3	1.798579E-9
-1.176933E+3	1.784474E-9
-1.180200E+3	1.791526E-9
-1.184133E+3	1.791526E-9
-1.187733E+3	1.798579E-9
-1.190000E+3	1.798579E-9
-1.193600E+3	1.840895E-9
-1.196867E+3	1.791526E-9
-1.200133E+3	1.805632E-9
-1.202133E+3	1.812684E-9
-1.204733E+3	1.812684E-9
-1.206667E+3	1.805632E-9
-1.209333E+3	1.805632E-9
-1.212267E+3	1.791526E-9
-1.215533E+3	1.784474E-9
-1.218133E+3	1.812684E-9
-1.221067E+3	1.798579E-9
-1.223000E+3	1.805632E-9
-1.225933E+3	1.777421E-9
-1.229533E+3	1.805632E-9
-1.232200E+3	1.805632E-9
-1.234800E+3	1.805632E-9
-1.237733E+3	1.798579E-9
-1.240000E+3	1.798579E-9
-1.242600E+3	1.784474E-9
-1.245267E+3	1.798579E-9
-1.247200E+3	1.812684E-9
-1.250133E+3	1.791526E-9
-1.252400E+3	1.791526E-9
-1.255667E+3	1.798579E-9
-1.258333E+3	1.791526E-9
-1.262200E+3	1.798579E-9
-1.265467E+3	1.805632E-9
-1.267800E+3	1.798579E-9
-1.271067E+3	1.777421E-9
-1.274933E+3	1.777421E-9
-1.278200E+3	1.791526E-9
-1.280533E+3	1.791526E-9
-1.284467E+3	1.791526E-9
-1.288000E+3	1.798579E-9
-1.291267E+3	1.791526E-9
-1.293933E+3	1.812684E-9
-1.295867E+3	1.819737E-9
-1.298133E+3	1.791526E-9
-1.300467E+3	1.791526E-9
-1.303067E+3	1.798579E-9
-1.305667E+3	1.784474E-9
-1.307600E+3	1.777421E-9
-1.310867E+3	1.777421E-9
-1.314800E+3	1.805632E-9
-1.317733E+3	1.791526E-9
-1.321000E+3	1.805632E-9
-1.323933E+3	1.812684E-9
-1.327533E+3	1.798579E-9
-1.330467E+3	1.798579E-9
-1.333733E+3	1.812684E-9
-1.337667E+3	1.805632E-9
-1.340933E+3	1.805632E-9
-1.343867E+3	1.805632E-9
-1.347467E+3	1.798579E-9
-1.350400E+3	1.791526E-9
-1.354000E+3	1.777421E-9
-1.356600E+3	1.805632E-9
-1.359267E+3	1.798579E-9
-1.362533E+3	1.798579E-9
-1.366733E+3	1.812684E-9
-1.370000E+3	1.798579E-9
-1.373267E+3	1.798579E-9
-1.376200E+3	1.798579E-9
-1.380133E+3	1.784474E-9
-1.383067E+3	1.805632E-9
-1.386667E+3	1.805632E-9
-1.389600E+3	1.798579E-9
-1.393200E+3	1.770369E-9
-1.396133E+3	1.791526E-9
-1.399733E+3	1.777421E-9
-1.399733E+3	1.812684E-9
-1.396467E+3	1.770369E-9
-1.393533E+3	1.763316E-9
-1.390267E+3	1.812684E-9
-1.388000E+3	1.784474E-9
-1.386000E+3	1.777421E-9
-1.381467E+3	1.798579E-9
-1.377867E+3	1.777421E-9
-1.375600E+3	1.791526E-9
-1.371667E+3	1.763316E-9
-1.368733E+3	1.784474E-9
-1.365467E+3	1.742158E-9
-1.361867E+3	1.777421E-9
-1.359600E+3	1.791526E-9
-1.356000E+3	1.784474E-9
-1.353333E+3	1.791526E-9
-1.350733E+3	1.798579E-9
-1.346800E+3	1.798579E-9
-1.343533E+3	1.777421E-9
-1.340267E+3	1.784474E-9
-1.338000E+3	1.784474E-9
-1.334067E+3	1.777421E-9
-1.331133E+3	1.805632E-9
-1.328533E+3	1.805632E-9
-1.325600E+3	1.784474E-9
-1.322333E+3	1.784474E-9
-1.318733E+3	1.784474E-9
-1.316467E+3	1.784474E-9
-1.312867E+3	1.791526E-9
-1.309933E+3	1.784474E-9
-1.306000E+3	1.784474E-9
-1.302733E+3	1.805632E-9
-1.299467E+3	1.798579E-9
-1.297533E+3	1.777421E-9
-1.294867E+3	1.798579E-9
-1.292267E+3	1.784474E-9
-1.289667E+3	1.798579E-9
-1.285400E+3	1.784474E-9
-1.281467E+3	1.798579E-9
-1.278867E+3	1.812684E-9
-1.274933E+3	1.777421E-9
-1.272000E+3	1.777421E-9
-1.269400E+3	1.784474E-9
-1.266800E+3	1.784474E-9
-1.263200E+3	1.763316E-9
-1.259600E+3	1.805632E-9
-1.257000E+3	1.784474E-9
-1.253733E+3	1.819737E-9
-1.250467E+3	1.791526E-9
-1.247867E+3	1.798579E-9
-1.245533E+3	1.798579E-9
-1.241667E+3	1.784474E-9
-1.237400E+3	1.798579E-9
-1.233133E+3	1.791526E-9
-1.229867E+3	1.784474E-9
-1.227267E+3	1.770369E-9
-1.224333E+3	1.791526E-9
-1.222400E+3	1.805632E-9
-1.219400E+3	1.770369E-9
-1.216467E+3	1.763316E-9
-1.214200E+3	1.791526E-9
-1.211933E+3	1.798579E-9
-1.209000E+3	1.777421E-9
-1.205067E+3	1.791526E-9
-1.202800E+3	1.784474E-9
-1.199800E+3	1.777421E-9
-1.198200E+3	1.784474E-9
-1.195600E+3	1.791526E-9
-1.191333E+3	1.784474E-9
-1.188067E+3	1.784474E-9
-1.184800E+3	1.791527E-9
-1.182200E+3	1.798579E-9
-1.179933E+3	1.805632E-9
-1.176933E+3	1.791526E-9
-1.174667E+3	1.777421E-9
-1.172400E+3	1.784474E-9
-1.169800E+3	1.784474E-9
-1.167133E+3	1.798579E-9
-1.164533E+3	1.826789E-9
-1.161267E+3	1.798579E-9
-1.158667E+3	1.812684E-9
-1.156733E+3	1.826789E-9
-1.153467E+3	1.798579E-9
-1.150800E+3	1.784474E-9
-1.148533E+3	1.791526E-9
-1.144933E+3	1.805632E-9
-1.141333E+3	1.784474E-9
-1.138067E+3	1.812684E-9
-1.135467E+3	1.826789E-9
-1.133200E+3	1.819737E-9
-1.130933E+3	1.812684E-9
-1.127667E+3	1.791526E-9
-1.124067E+3	1.819737E-9
-1.121400E+3	1.798579E-9
-1.118133E+3	1.805632E-9
-1.114600E+3	1.791526E-9
-1.111933E+3	1.791526E-9
-1.110333E+3	1.763316E-9
-1.106733E+3	1.777421E-9
-1.102467E+3	1.770369E-9
-1.099867E+3	1.777421E-9
-1.095600E+3	1.784474E-9
-1.092333E+3	1.805632E-9
-1.089400E+3	1.777421E-9
-1.085800E+3	1.798579E-9
-1.081933E+3	1.763316E-9
-1.079600E+3	1.777421E-9
-1.077000E+3	1.791526E-9
-1.073067E+3	1.777421E-9
-1.070133E+3	1.798579E-9
-1.067200E+3	1.784474E-9
-1.063267E+3	1.798579E-9
-1.060000E+3	1.791526E-9
-1.057067E+3	1.798579E-9
-1.052533E+3	1.770369E-9
-1.048267E+3	1.777421E-9
-1.045333E+3	1.784474E-9
-1.042733E+3	1.798579E-9
-1.039733E+3	1.798579E-9
-1.036800E+3	1.791526E-9
-1.033867E+3	1.784474E-9
-1.029933E+3	1.784474E-9
-1.028000E+3	1.784474E-9
-1.024400E+3	1.812684E-9
-1.021800E+3	1.798579E-9
-1.019200E+3	1.812684E-9
-1.015933E+3	1.798579E-9
-1.013000E+3	1.805632E-9
-1.009400E+3	1.805632E-9
-1.006800E+3	1.805632E-9
-1.003200E+3	1.784474E-9
-1.000867E+3	1.819737E-9
-9.979333E+2	1.812684E-9
-9.946667E+2	1.784474E-9
-9.920667E+2	1.770369E-9
-9.888000E+2	1.812684E-9
-9.855333E+2	1.805632E-9
-9.826000E+2	1.791526E-9
-9.806667E+2	1.798579E-9
-9.780000E+2	1.784474E-9
-9.750667E+2	1.805632E-9
-9.721333E+2	1.798579E-9
-9.692000E+2	1.798579E-9
-9.659333E+2	1.812684E-9
-9.630000E+2	1.798579E-9
-9.594000E+2	1.791526E-9
-9.561333E+2	1.798579E-9
-9.532000E+2	1.791526E-9
-9.496000E+2	1.812684E-9
-9.476667E+2	1.819737E-9
-9.440667E+2	1.812684E-9
-9.404667E+2	1.812684E-9
-9.382000E+2	1.826789E-9
-9.352000E+2	1.819737E-9
-9.319333E+2	1.819737E-9
-9.293333E+2	1.791526E-9
-9.254000E+2	1.826789E-9
-9.221333E+2	1.805632E-9
-9.182667E+2	1.791526E-9
-9.146667E+2	1.833842E-9
-9.120667E+2	1.812684E-9
-9.094000E+2	1.805632E-9
-9.071333E+2	1.798579E-9
-9.042000E+2	1.805632E-9
-9.019333E+2	1.812684E-9
-8.990000E+2	1.833842E-9
-8.960000E+2	1.812684E-9
-8.940667E+2	1.812684E-9
-8.904667E+2	1.819737E-9
-8.859333E+2	1.826789E-9
-8.832667E+2	1.812684E-9
-8.806667E+2	1.819737E-9
-8.777333E+2	1.798579E-9
-8.748000E+2	1.826789E-9
-8.715333E+2	1.812684E-9
-8.682667E+2	1.833842E-9
-8.653333E+2	1.819737E-9
-8.617333E+2	1.833842E-9
-8.594667E+2	1.847947E-9
-8.565333E+2	1.812684E-9
-8.542000E+2	1.819737E-9
-8.516000E+2	1.833842E-9
-8.490000E+2	1.833842E-9
-8.447333E+2	1.805632E-9
-8.411333E+2	1.840895E-9
-8.375333E+2	1.826789E-9
-8.352667E+2	1.855000E-9
-8.336667E+2	1.840895E-9
-8.313333E+2	1.847947E-9
-8.280667E+2	1.833842E-9
-8.254667E+2	1.847947E-9
-8.218667E+2	1.869105E-9
-8.179333E+2	1.862052E-9
-8.146667E+2	1.833842E-9
-8.114000E+2	1.847947E-9
-8.088000E+2	1.847947E-9
-8.055333E+2	1.847947E-9
-8.029333E+2	1.819737E-9
-7.990000E+2	1.862052E-9
-7.954000E+2	1.855000E-9
-7.914667E+2	1.862052E-9
-7.885333E+2	1.862052E-9
-7.843333E+2	1.833842E-9
-7.810667E+2	1.840895E-9
-7.787333E+2	1.855000E-9
-7.761333E+2	1.855000E-9
-7.735333E+2	1.855000E-9
-7.709333E+2	1.869105E-9
-7.689333E+2	1.826789E-9
-7.660000E+2	1.855000E-9
-7.618000E+2	1.876158E-9
-7.585333E+2	1.862052E-9
-7.555333E+2	1.869105E-9
-7.532667E+2	1.862052E-9
-7.506667E+2	1.869105E-9
-7.480667E+2	1.876158E-9
-7.457333E+2	1.855000E-9
-7.424667E+2	1.855000E-9
-7.398667E+2	1.869105E-9
-7.376000E+2	1.862052E-9
-7.350000E+2	1.883210E-9
-7.320667E+2	1.883210E-9
-7.291333E+2	1.855000E-9
-7.268000E+2	1.869105E-9
-7.232000E+2	1.869105E-9
-7.199333E+2	1.876158E-9
-7.166667E+2	1.876158E-9
-7.140667E+2	1.890263E-9
-7.114667E+2	1.897315E-9
-7.072000E+2	1.876158E-9
-7.046000E+2	1.883210E-9
-7.013333E+2	1.897315E-9
-6.984000E+2	1.890263E-9
-6.944667E+2	1.897315E-9
-6.915333E+2	1.897315E-9
-6.892667E+2	1.904368E-9
-6.860000E+2	1.904368E-9
-6.820667E+2	1.904368E-9
-6.801333E+2	1.904368E-9
-6.765333E+2	1.897315E-9
-6.732667E+2	1.904368E-9
-6.693333E+2	1.911420E-9
-6.657333E+2	1.904368E-9
-6.628000E+2	1.925525E-9
-6.592000E+2	1.911420E-9
-6.562667E+2	1.939630E-9
-6.536667E+2	1.918473E-9
-6.504000E+2	1.897315E-9
-6.461333E+2	1.918473E-9
-6.425333E+2	1.932578E-9
-6.406000E+2	1.918473E-9
-6.376667E+2	1.925525E-9
-6.346667E+2	1.925525E-9
-6.311333E+2	1.932578E-9
-6.275333E+2	1.932578E-9
-6.239333E+2	1.960788E-9
-6.210000E+2	1.953735E-9
-6.180667E+2	1.911420E-9
-6.160667E+2	1.960788E-9
-6.128000E+2	1.974893E-9
-6.102000E+2	1.967840E-9
-6.076000E+2	1.974893E-9
-6.052667E+2	1.953735E-9
-6.023333E+2	1.953735E-9
-5.994000E+2	1.967841E-9
-5.954667E+2	1.974893E-9
-5.925333E+2	1.974893E-9
-5.902667E+2	1.988998E-9
-5.863333E+2	1.967840E-9
-5.834000E+2	1.953735E-9
-5.798000E+2	1.988998E-9
-5.762000E+2	1.981946E-9
-5.742667E+2	1.981946E-9
-5.720000E+2	1.988998E-9
-5.693333E+2	1.996051E-9
-5.674000E+2	1.988998E-9
-5.638000E+2	2.024261E-9
-5.602000E+2	2.003103E-9
-5.560000E+2	2.017209E-9
-5.536667E+2	2.024261E-9
-5.507333E+2	2.024261E-9
-5.471333E+2	2.031314E-9
-5.438667E+2	2.024261E-9
-5.406000E+2	1.996051E-9
-5.373333E+2	2.045419E-9
-5.347333E+2	2.052472E-9
-5.321333E+2	2.045419E-9
-5.292000E+2	2.045419E-9
-5.256000E+2	2.045419E-9
-5.213333E+2	2.038366E-9
-5.180667E+2	2.059524E-9
-5.158000E+2	2.059524E-9
-5.128667E+2	2.066577E-9
-5.092667E+2	2.059524E-9
-5.063333E+2	2.073629E-9
-5.037333E+2	2.094787E-9
-5.010667E+2	2.101840E-9
-4.988000E+2	2.066577E-9
-4.962000E+2	2.122997E-9
-4.919333E+2	2.094787E-9
-4.893333E+2	2.094787E-9
-4.857333E+2	2.094787E-9
-4.828000E+2	2.108892E-9
-4.805333E+2	2.094787E-9
-4.778667E+2	2.115945E-9
-4.749333E+2	2.101840E-9
-4.710667E+2	2.130050E-9
-4.687333E+2	2.130050E-9
-4.668000E+2	2.122997E-9
-4.635333E+2	2.130049E-9
-4.606000E+2	2.151207E-9
-4.563333E+2	2.151207E-9
-4.527333E+2	2.165312E-9
-4.494667E+2	2.158260E-9
-4.468667E+2	2.165312E-9
-4.429333E+2	2.172365E-9
-4.390000E+2	2.165312E-9
-4.360667E+2	2.165312E-9
-4.321333E+2	2.186470E-9
-4.286000E+2	2.207628E-9
-4.266000E+2	2.200575E-9
-4.230000E+2	2.186470E-9
-4.207333E+2	2.186470E-9
-4.181333E+2	2.179417E-9
-4.148667E+2	2.221733E-9
-4.112667E+2	2.221733E-9
-4.080000E+2	2.221733E-9
-4.044000E+2	2.214680E-9
-4.018000E+2	2.235838E-9
-3.985333E+2	2.235838E-9
-3.965333E+2	2.242891E-9
-3.939333E+2	2.249943E-9
-3.910000E+2	2.249943E-9
-3.874000E+2	2.249943E-9
-3.831333E+2	2.249943E-9
-3.796000E+2	2.256996E-9
-3.756667E+2	2.242891E-9
-3.733333E+2	2.264048E-9
-3.704000E+2	2.299311E-9
-3.668000E+2	2.292258E-9
-3.638667E+2	2.285206E-9
-3.606000E+2	2.299311E-9
-3.586667E+2	2.292258E-9
-3.554000E+2	2.292258E-9
-3.524667E+2	2.320468E-9
-3.488667E+2	2.320468E-9
-3.449333E+2	2.299311E-9
-3.410000E+2	2.341626E-9
-3.384000E+2	2.320469E-9
-3.358000E+2	2.348679E-9
-3.332000E+2	2.334574E-9
-3.306000E+2	2.320468E-9
-3.266667E+2	2.327521E-9
-3.250000E+2	2.334574E-9
-3.220667E+2	2.341626E-9
-3.184667E+2	2.376889E-9
-3.142667E+2	2.376889E-9
-3.103333E+2	2.376889E-9
-3.077333E+2	2.362784E-9
-3.044667E+2	2.398047E-9
-3.012000E+2	2.383942E-9
-2.988667E+2	2.348679E-9
-2.952667E+2	2.376889E-9
-2.916667E+2	2.383942E-9
-2.878000E+2	2.390994E-9
-2.848667E+2	2.390994E-9
-2.812667E+2	2.383942E-9
-2.776667E+2	2.405100E-9
-2.747333E+2	2.405100E-9
-2.720667E+2	2.426257E-9
-2.688000E+2	2.426257E-9
-2.655333E+2	2.426257E-9
-2.629333E+2	2.412152E-9
-2.600000E+2	2.419205E-9
-2.577333E+2	2.426257E-9
-2.548000E+2	2.440363E-9
-2.528000E+2	2.426257E-9
-2.508667E+2	2.447415E-9
-2.486000E+2	2.447415E-9
-2.459333E+2	2.461520E-9
-2.417333E+2	2.461520E-9
-2.381333E+2	2.440363E-9
-2.345333E+2	2.447415E-9
-2.306000E+2	2.447415E-9
-2.286667E+2	2.454468E-9
-2.254000E+2	2.447415E-9
-2.214667E+2	2.468573E-9
-2.188667E+2	2.461520E-9
-2.152667E+2	2.482678E-9
-2.123333E+2	2.468573E-9
-2.097333E+2	2.482678E-9
-2.064667E+2	2.482678E-9
-2.032000E+2	2.482678E-9
-1.992667E+2	2.517940E-9
-1.966667E+2	2.475625E-9
-1.936667E+2	2.475625E-9
-1.910667E+2	2.461520E-9
-1.881333E+2	2.489730E-9
-1.842000E+2	2.468573E-9
-1.816000E+2	2.482678E-9
-1.786667E+2	2.503835E-9
-1.750667E+2	2.503835E-9
-1.714667E+2	2.475625E-9
-1.675333E+2	2.482678E-9
-1.646000E+2	2.482678E-9
-1.610000E+2	2.503835E-9
-1.587333E+2	2.503835E-9
-1.558000E+2	2.489730E-9
-1.515333E+2	2.496783E-9
-1.476667E+2	2.503835E-9
-1.444000E+2	2.489730E-9
-1.420667E+2	2.496783E-9
-1.391333E+2	2.496783E-9
-1.362000E+2	2.482678E-9
-1.329333E+2	2.503835E-9
-1.296667E+2	2.510888E-9
-1.270667E+2	2.503835E-9
-1.231333E+2	2.496783E-9
-1.208667E+2	2.503835E-9
-1.179333E+2	2.517940E-9
-1.146667E+2	2.482678E-9
-1.120000E+2	2.468573E-9
-1.081333E+2	2.489730E-9
-1.054667E+2	2.503835E-9
-1.035333E+2	2.475625E-9
-9.993333E+1	2.503835E-9
-9.666667E+1	2.496783E-9
-9.440000E+1	2.475625E-9
-9.080000E+1	2.475625E-9
-8.820000E+1	2.496783E-9
-8.426667E+1	2.468573E-9
-8.133333E+1	2.468573E-9
-7.906667E+1	2.468573E-9
-7.673333E+1	2.489730E-9
-7.346667E+1	2.461520E-9
-7.120000E+1	2.482678E-9
-6.860000E+1	2.496783E-9
-6.533333E+1	2.433310E-9
-6.333333E+1	2.475625E-9
-6.006667E+1	2.475625E-9
-5.713333E+1	2.454468E-9
-5.386667E+1	2.447415E-9
-5.026667E+1	2.447415E-9
-4.640000E+1	2.447415E-9
-4.246667E+1	2.468573E-9
-3.886667E+1	2.454468E-9
-3.560000E+1	2.447415E-9
-3.300000E+1	2.468573E-9
-2.973333E+1	2.440363E-9
-2.680000E+1	2.426257E-9
-2.446667E+1	2.454468E-9
-2.186667E+1	2.433310E-9
-1.893333E+1	2.398047E-9
-1.533333E+1	2.426257E-9
-1.273333E+1	2.412152E-9
-9.466667E+0	2.405100E-9
-6.533333E+0	2.440363E-9
-3.600000E+0	2.433310E-9
-3.333333E-1	2.390994E-9
3.266667E+0	2.405100E-9
6.533333E+0	2.405100E-9
1.080000E+1	2.398047E-9
1.440000E+1	2.369837E-9
1.700000E+1	2.398047E-9
2.026667E+1	2.369837E-9
2.386667E+1	2.348679E-9
2.613333E+1	2.355731E-9
2.940000E+1	2.348679E-9
3.266667E+1	2.355731E-9
3.560000E+1	2.376889E-9
3.826667E+1	2.348679E-9
4.120000E+1	2.369837E-9
4.413333E+1	2.348679E-9
4.706667E+1	2.341626E-9
5.000000E+1	2.341626E-9
5.260000E+1	2.334574E-9
5.620000E+1	2.327521E-9
5.846667E+1	2.292258E-9
6.046667E+1	2.306363E-9
6.440000E+1	2.306363E-9
6.733333E+1	2.306363E-9
6.993333E+1	2.313416E-9
7.286667E+1	2.313416E-9
7.546667E+1	2.306363E-9
8.006667E+1	2.327521E-9
8.266667E+1	2.306363E-9
8.560000E+1	2.306363E-9
8.853333E+1	2.292258E-9
9.146667E+1	2.271101E-9
9.540000E+1	2.271101E-9
9.933333E+1	2.278153E-9
1.019333E+2	2.256996E-9
1.062000E+2	2.264048E-9
1.098000E+2	2.256996E-9
1.124000E+2	2.256996E-9
1.143333E+2	2.242891E-9
1.166667E+2	2.235838E-9
1.189333E+2	2.242891E-9
1.218667E+2	2.235838E-9
1.254667E+2	2.221733E-9
1.294000E+2	2.228786E-9
1.330000E+2	2.207628E-9
1.372000E+2	2.207628E-9
1.411333E+2	2.207628E-9
1.444000E+2	2.214680E-9
1.466667E+2	2.172365E-9
1.493333E+2	2.193523E-9
1.526000E+2	2.214680E-9
1.558667E+2	2.172365E-9
1.591333E+2	2.172365E-9
1.624000E+2	2.151207E-9
1.653333E+2	2.144155E-9
1.682667E+2	2.179417E-9
1.722000E+2	2.151207E-9
1.764000E+2	2.172365E-9
1.793333E+2	2.158260E-9
1.829333E+2	2.151207E-9
1.865333E+2	2.122997E-9
1.888000E+2	2.130050E-9
1.920667E+2	2.115945E-9
1.947333E+2	2.130050E-9
1.970000E+2	2.137102E-9
1.996000E+2	2.122997E-9
2.032000E+2	2.108892E-9
2.068000E+2	2.108892E-9
2.097333E+2	2.108892E-9
2.123333E+2	2.108892E-9
2.149333E+2	2.122997E-9
2.185333E+2	2.080682E-9
2.214667E+2	2.080682E-9
2.234667E+2	2.073629E-9
2.257333E+2	2.094787E-9
2.286667E+2	2.094787E-9
2.322667E+2	2.094787E-9
2.352000E+2	2.080682E-9
2.372000E+2	2.066577E-9
2.401333E+2	2.073629E-9
2.434000E+2	2.080682E-9
2.456667E+2	2.038366E-9
2.482667E+2	2.080682E-9
2.508667E+2	2.052472E-9
2.535333E+2	2.045419E-9
2.561333E+2	2.059524E-9
2.590667E+2	2.024261E-9
2.626667E+2	2.038366E-9
2.659333E+2	2.052472E-9
2.695333E+2	2.038366E-9
2.724667E+2	2.024261E-9
2.757333E+2	2.045419E-9
2.780000E+2	2.038366E-9
2.809333E+2	2.038366E-9
2.838667E+2	2.024261E-9
2.871333E+2	2.024261E-9
2.898000E+2	2.010156E-9
2.924000E+2	2.024261E-9
2.953333E+2	1.981946E-9
2.976000E+2	2.010156E-9
3.008667E+2	2.003103E-9
3.044667E+2	2.010156E-9
3.074000E+2	1.988998E-9
3.113333E+2	1.981946E-9
3.136000E+2	1.953735E-9
3.156000E+2	1.974893E-9
3.194667E+2	2.003103E-9
3.234000E+2	1.988998E-9
3.266667E+2	1.967840E-9
3.299333E+2	1.981946E-9
3.325333E+2	1.967840E-9
3.361333E+2	1.953735E-9
3.397333E+2	1.981946E-9
3.430000E+2	1.974893E-9
3.459333E+2	1.960788E-9
3.488667E+2	1.953735E-9
3.518667E+2	1.939630E-9
3.551333E+2	1.967840E-9
3.584000E+2	1.939630E-9
3.606667E+2	1.960788E-9
3.646000E+2	1.918473E-9
3.678667E+2	1.946683E-9
3.720667E+2	1.946683E-9
3.750000E+2	1.939630E-9
3.786000E+2	1.925525E-9
3.812667E+2	1.904368E-9
3.832000E+2	1.918473E-9
3.861333E+2	1.932578E-9
3.897333E+2	1.911420E-9
3.933333E+2	1.939630E-9
3.959333E+2	1.925525E-9
3.992000E+2	1.911420E-9
4.021333E+2	1.918473E-9
4.050667E+2	1.911420E-9
4.076667E+2	1.918473E-9
4.116000E+2	1.890263E-9
4.162000E+2	1.911420E-9
4.188000E+2	1.904368E-9
4.224000E+2	1.925525E-9
4.253333E+2	1.897315E-9
4.292667E+2	1.890263E-9
4.325333E+2	1.904368E-9
4.351333E+2	1.883210E-9
4.384000E+2	1.911420E-9
4.413333E+2	1.904368E-9
4.446000E+2	1.883210E-9
4.468667E+2	1.890263E-9
4.508000E+2	1.897315E-9
4.534000E+2	1.883210E-9
4.570000E+2	1.890263E-9
4.602667E+2	1.883210E-9
4.635333E+2	1.876158E-9
4.662000E+2	1.876157E-9
4.684667E+2	1.876158E-9
4.720667E+2	1.869105E-9
4.753333E+2	1.890263E-9
4.792667E+2	1.847947E-9
4.815333E+2	1.883210E-9
4.838000E+2	1.855000E-9
4.867333E+2	1.883210E-9
4.893333E+2	1.876158E-9
4.916667E+2	1.855000E-9
4.946000E+2	1.847947E-9
4.972000E+2	1.883210E-9
5.008000E+2	1.869105E-9
5.034000E+2	1.862052E-9
5.060000E+2	1.855000E-9
5.102667E+2	1.862052E-9
5.132000E+2	1.883210E-9
5.161333E+2	1.862052E-9
5.184667E+2	1.840895E-9
5.214000E+2	1.869105E-9
5.252667E+2	1.847947E-9
5.276000E+2	1.840895E-9
5.302000E+2	1.847947E-9
5.341333E+2	1.840895E-9
5.377333E+2	1.840895E-9
5.413333E+2	1.833842E-9
5.439333E+2	1.862052E-9
5.468667E+2	1.826789E-9
5.494667E+2	1.847947E-9
5.520667E+2	1.862052E-9
5.546667E+2	1.847947E-9
5.576667E+2	1.819737E-9
5.606000E+2	1.847947E-9
5.635333E+2	1.833842E-9
5.668000E+2	1.826789E-9
5.700667E+2	1.847947E-9
5.726667E+2	1.805632E-9
5.756000E+2	1.840895E-9
5.792000E+2	1.855000E-9
5.824667E+2	1.819737E-9
5.860667E+2	1.812684E-9
5.896667E+2	1.833842E-9
5.926000E+2	1.805632E-9
5.955333E+2	1.847947E-9
5.988000E+2	1.833842E-9
6.027333E+2	1.840895E-9
6.050000E+2	1.847947E-9
6.079333E+2	1.847947E-9
6.115333E+2	1.833842E-9
6.144667E+2	1.833842E-9
6.180667E+2	1.833842E-9
6.206667E+2	1.840895E-9
6.232667E+2	1.840895E-9
6.265333E+2	1.819737E-9
6.292000E+2	1.819737E-9
6.318000E+2	1.833842E-9
6.350667E+2	1.833842E-9
6.376667E+2	1.840895E-9
6.412667E+2	1.826789E-9
6.445333E+2	1.833842E-9
6.481333E+2	1.833842E-9
6.514000E+2	1.805632E-9
6.543333E+2	1.819737E-9
6.576000E+2	1.805632E-9
6.605333E+2	1.812684E-9
6.631333E+2	1.798579E-9
6.648000E+2	1.819737E-9
6.677333E+2	1.812684E-9
6.706667E+2	1.812684E-9
6.726000E+2	1.805632E-9
6.755333E+2	1.833842E-9
6.791333E+2	1.805632E-9
6.811333E+2	1.826789E-9
6.840667E+2	1.826789E-9
6.876667E+2	1.826789E-9
6.912667E+2	1.826789E-9
6.945333E+2	1.819737E-9
6.978000E+2	1.812684E-9
6.997333E+2	1.819737E-9
7.023333E+2	1.833842E-9
7.059333E+2	1.833842E-9
7.098667E+2	1.840895E-9
7.128000E+2	1.805632E-9
7.150667E+2	1.833842E-9
7.180000E+2	1.833842E-9
7.212667E+2	1.798579E-9
7.242667E+2	1.819737E-9
7.265333E+2	1.833842E-9
7.294667E+2	1.791526E-9
7.320667E+2	1.819737E-9
7.360000E+2	1.819737E-9
7.382667E+2	1.812684E-9
7.408667E+2	1.826789E-9
7.441333E+2	1.826789E-9
7.474000E+2	1.805632E-9
7.504000E+2	1.833842E-9
7.526667E+2	1.847947E-9
7.549333E+2	1.819737E-9
7.582000E+2	1.840895E-9
7.614667E+2	1.791526E-9
7.637333E+2	1.826789E-9
7.657333E+2	1.826789E-9
7.686667E+2	1.819737E-9
7.712667E+2	1.819737E-9
7.738667E+2	1.812684E-9
7.781333E+2	1.805632E-9
7.820667E+2	1.833842E-9
7.850000E+2	1.826789E-9
7.882667E+2	1.840895E-9
7.905333E+2	1.826789E-9
7.931333E+2	1.840895E-9
7.954667E+2	1.826789E-9
7.984000E+2	1.805632E-9
8.020000E+2	1.819737E-9
8.049333E+2	1.840895E-9
8.075333E+2	1.812684E-9
8.101333E+2	1.805632E-9
8.121333E+2	1.833842E-9
8.154000E+2	1.805632E-9
8.183333E+2	1.833842E-9
8.219333E+2	1.833842E-9
8.261333E+2	1.798579E-9
8.290667E+2	1.826789E-9
8.310667E+2	1.805632E-9
8.340000E+2	1.805632E-9
8.379333E+2	1.784474E-9
8.412000E+2	1.805632E-9
8.431333E+2	1.819737E-9
8.448000E+2	1.819737E-9
8.467333E+2	1.805632E-9
8.493333E+2	1.812684E-9
8.519333E+2	1.805632E-9
8.542667E+2	1.812684E-9
8.572000E+2	1.805632E-9
8.598000E+2	1.812684E-9
8.630667E+2	1.819737E-9
8.676667E+2	1.826789E-9
8.696000E+2	1.791526E-9
8.735333E+2	1.833842E-9
8.768000E+2	1.812684E-9
8.794000E+2	1.819737E-9
8.840000E+2	1.791526E-9
8.869333E+2	1.833842E-9
8.905333E+2	1.812684E-9
8.938000E+2	1.798579E-9
8.983333E+2	1.826789E-9
9.016000E+2	1.826789E-9
9.045333E+2	1.812684E-9
9.062000E+2	1.791526E-9
9.088000E+2	1.826789E-9
9.114000E+2	1.798579E-9
9.150000E+2	1.826789E-9
9.176000E+2	1.812684E-9
9.212000E+2	1.798579E-9
9.248000E+2	1.805632E-9
9.274000E+2	1.791526E-9
9.306667E+2	1.798579E-9
9.336000E+2	1.826789E-9
9.366000E+2	1.812684E-9
9.388667E+2	1.812684E-9
9.418000E+2	1.805632E-9
9.460667E+2	1.763316E-9
9.493333E+2	1.805632E-9
9.516000E+2	1.819737E-9
9.545333E+2	1.819737E-9
9.574667E+2	1.798579E-9
9.597333E+2	1.791526E-9
9.640000E+2	1.826789E-9
9.662667E+2	1.805632E-9
9.686000E+2	1.819737E-9
9.715333E+2	1.812684E-9
9.748000E+2	1.805632E-9
9.784000E+2	1.819737E-9
9.826000E+2	1.805632E-9
9.868667E+2	1.805632E-9
9.898000E+2	1.826789E-9
9.930667E+2	1.791526E-9
9.970000E+2	1.791526E-9
1.000267E+3	1.805632E-9
1.002533E+3	1.819737E-9
1.005467E+3	1.819737E-9
1.008733E+3	1.812684E-9
1.011400E+3	1.819737E-9
1.014000E+3	1.805632E-9
1.017600E+3	1.819737E-9
1.021533E+3	1.840895E-9
1.025733E+3	1.805632E-9
1.028667E+3	1.805632E-9
1.031000E+3	1.791526E-9
1.034600E+3	1.826789E-9
1.038800E+3	1.798579E-9
1.041733E+3	1.812684E-9
1.044067E+3	1.812684E-9
1.047333E+3	1.819737E-9
1.049933E+3	1.805632E-9
1.053867E+3	1.812684E-9
1.056467E+3	1.798579E-9
1.060067E+3	1.812684E-9
1.061667E+3	1.819737E-9
1.064600E+3	1.798579E-9
1.066600E+3	1.805632E-9
1.068867E+3	1.798579E-9
1.071133E+3	1.812684E-9
1.073133E+3	1.826789E-9
1.075733E+3	1.805632E-9
1.078333E+3	1.805632E-9
1.080600E+3	1.819737E-9
1.083600E+3	1.805632E-9
1.085867E+3	1.805632E-9
1.088800E+3	1.805632E-9
1.091400E+3	1.784474E-9
1.095000E+3	1.798579E-9
1.097267E+3	1.812684E-9
1.100867E+3	1.798579E-9
1.103200E+3	1.805632E-9
1.106733E+3	1.812684E-9
1.110333E+3	1.826789E-9
1.113933E+3	1.812684E-9
1.117533E+3	1.791526E-9
1.120467E+3	1.784474E-9
1.124400E+3	1.812684E-9
1.127667E+3	1.791526E-9
1.131600E+3	1.805632E-9
1.134533E+3	1.812684E-9
1.137467E+3	1.784474E-9
1.141400E+3	1.805632E-9
1.144000E+3	1.791526E-9
1.146933E+3	1.798579E-9
1.150533E+3	1.784474E-9
1.153467E+3	1.805632E-9
1.157067E+3	1.812684E-9
1.159667E+3	1.784474E-9
1.163267E+3	1.819737E-9
1.167533E+3	1.805632E-9
1.170133E+3	1.819737E-9
1.173400E+3	1.784474E-9
1.176000E+3	1.805632E-9
1.179600E+3	1.819737E-9
1.181600E+3	1.798579E-9
1.183867E+3	1.798579E-9
1.185800E+3	1.826789E-9
1.188733E+3	1.819737E-9
1.191400E+3	1.805632E-9
1.194933E+3	1.812684E-9
1.197600E+3	1.805632E-9
1.200200E+3	1.812684E-9
1.203800E+3	1.791526E-9
1.207400E+3	1.805632E-9
1.211000E+3	1.805632E-9
1.214533E+3	1.791526E-9
1.216867E+3	1.812684E-9
1.220133E+3	1.812684E-9
1.223400E+3	1.826789E-9
1.226667E+3	1.826789E-9
1.229600E+3	1.805632E-9
1.232867E+3	1.805632E-9
1.236467E+3	1.819737E-9
1.239400E+3	1.798579E-9
1.241667E+3	1.819737E-9
1.243667E+3	1.770369E-9
1.246600E+3	1.819737E-9
1.248533E+3	1.784474E-9
1.251133E+3	1.798579E-9
1.253733E+3	1.812684E-9
1.255733E+3	1.791526E-9
1.257667E+3	1.798579E-9
1.261267E+3	1.805632E-9
1.264533E+3	1.798579E-9
1.268467E+3	1.791526E-9
1.272067E+3	1.812684E-9
1.275000E+3	1.777421E-9
1.279267E+3	1.777421E-9
1.281533E+3	1.791526E-9
1.283467E+3	1.812684E-9
1.286400E+3	1.805632E-9
1.289667E+3	1.819737E-9
1.292933E+3	1.805632E-9
1.296533E+3	1.798579E-9
1.299800E+3	1.784474E-9
1.301800E+3	1.791526E-9
1.305067E+3	1.805632E-9
1.308000E+3	1.805632E-9
1.310267E+3	1.784474E-9
1.313867E+3	1.798579E-9
1.316467E+3	1.805632E-9
1.319067E+3	1.798579E-9
1.322667E+3	1.826789E-9
1.326600E+3	1.798579E-9
1.329200E+3	1.798579E-9
1.330867E+3	1.791526E-9
1.332800E+3	1.798579E-9
1.336733E+3	1.812684E-9
1.338667E+3	1.784474E-9
1.341933E+3	1.812684E-9
1.345200E+3	1.805632E-9
1.348200E+3	1.784474E-9
1.350467E+3	1.777421E-9
1.353067E+3	1.819737E-9
1.355667E+3	1.826789E-9
1.358267E+3	1.819737E-9
1.360600E+3	1.798579E-9
1.362533E+3	1.812684E-9
1.364800E+3	1.791526E-9
1.367800E+3	1.812684E-9
1.371333E+3	1.798579E-9
1.374333E+3	1.819737E-9
1.376933E+3	1.798579E-9
1.379533E+3	1.805632E-9
1.382467E+3	1.819737E-9
1.386400E+3	1.798579E-9
1.388667E+3	1.812684E-9
1.390933E+3	1.777421E-9
1.392933E+3	1.805632E-9
1.395200E+3	1.784474E-9
1.398800E+3	1.812684E-9
