-3.333333E-1	2.588466E-9
-3.600000E+0	2.567308E-9
-6.533333E+0	2.609624E-9
-1.013333E+1	2.602571E-9
-1.340000E+1	2.581414E-9
-1.666667E+1	2.602571E-9
-1.926667E+1	2.595519E-9
-2.353333E+1	2.623729E-9
-2.646667E+1	2.595519E-9
-2.840000E+1	2.616677E-9
-3.066667E+1	2.616677E-9
-3.333333E+1	2.595519E-9
-3.626667E+1	2.602571E-9
-3.986667E+1	2.623729E-9
-4.280000E+1	2.630782E-9
-4.666667E+1	2.644887E-9
-5.026667E+1	2.637834E-9
-5.453333E+1	2.630782E-9
-5.880000E+1	2.630782E-9
-6.106667E+1	2.637834E-9
-6.333333E+1	2.644887E-9
-6.626667E+1	2.630782E-9
-7.020000E+1	2.637834E-9
-7.280000E+1	2.630782E-9
-7.673333E+1	2.651940E-9
-7.966667E+1	2.651940E-9
-8.233333E+1	2.651940E-9
-8.460000E+1	2.658992E-9
-8.786667E+1	2.651939E-9
-8.980000E+1	2.637834E-9
-9.213333E+1	2.651940E-9
-9.540000E+1	2.630782E-9
-9.866667E+1	2.658992E-9
-1.025333E+2	2.637834E-9
-1.054667E+2	2.644887E-9
-1.081333E+2	2.637834E-9
-1.107333E+2	2.637834E-9
-1.136667E+2	2.630782E-9
-1.166000E+2	2.602571E-9
-1.182667E+2	2.651940E-9
-1.221333E+2	2.637834E-9
-1.257333E+2	2.623729E-9
-1.290000E+2	2.644887E-9
-1.319333E+2	2.651940E-9
-1.362000E+2	2.630782E-9
-1.408000E+2	2.602571E-9
-1.444000E+2	2.630782E-9
-1.476667E+2	2.644887E-9
-1.515333E+2	2.630782E-9
-1.535333E+2	2.602571E-9
-1.558000E+2	2.602571E-9
-1.577333E+2	2.609624E-9
-1.604000E+2	2.616677E-9
-1.626667E+2	2.609624E-9
-1.662667E+2	2.630782E-9
-1.702000E+2	2.630782E-9
-1.728000E+2	2.602571E-9
-1.750667E+2	2.588466E-9
-1.783333E+2	2.595519E-9
-1.816000E+2	2.595519E-9
-1.855333E+2	2.616677E-9
-1.894667E+2	2.609624E-9
-1.934000E+2	2.595519E-9
-1.960000E+2	2.595519E-9
-1.989333E+2	2.588466E-9
-2.015333E+2	2.574361E-9
-2.054667E+2	2.574361E-9
-2.094000E+2	2.623729E-9
-2.126667E+2	2.588466E-9
-2.162667E+2	2.609624E-9
-2.198000E+2	2.574361E-9
-2.234000E+2	2.588466E-9
-2.260667E+2	2.553203E-9
-2.286667E+2	2.595519E-9
-2.316000E+2	2.560256E-9
-2.342000E+2	2.567308E-9
-2.364667E+2	2.595519E-9
-2.404000E+2	2.553203E-9
-2.426667E+2	2.581414E-9
-2.453333E+2	2.581414E-9
-2.472667E+2	2.560256E-9
-2.495333E+2	2.560256E-9
-2.522000E+2	2.553203E-9
-2.554667E+2	2.553203E-9
-2.584000E+2	2.567308E-9
-2.610000E+2	2.546151E-9
-2.639333E+2	2.532045E-9
-2.672000E+2	2.539098E-9
-2.708000E+2	2.510888E-9
-2.737333E+2	2.517940E-9
-2.770000E+2	2.539098E-9
-2.796000E+2	2.510888E-9
-2.835333E+2	2.510888E-9
-2.871333E+2	2.503835E-9
-2.910667E+2	2.517940E-9
-2.946667E+2	2.475625E-9
-2.976000E+2	2.468573E-9
-3.005333E+2	2.496783E-9
-3.041333E+2	2.461520E-9
-3.074000E+2	2.461520E-9
-3.103333E+2	2.475625E-9
-3.139333E+2	2.447415E-9
-3.165333E+2	2.447415E-9
-3.188000E+2	2.440363E-9
-3.217333E+2	2.433310E-9
-3.260000E+2	2.440363E-9
-3.282667E+2	2.454468E-9
-3.302667E+2	2.412152E-9
-3.328667E+2	2.426257E-9
-3.351333E+2	2.447415E-9
-3.374000E+2	2.426257E-9
-3.394000E+2	2.426257E-9
-3.426667E+2	2.390994E-9
-3.459333E+2	2.419205E-9
-3.492000E+2	2.412152E-9
-3.528000E+2	2.390994E-9
-3.550667E+2	2.398047E-9
-3.580000E+2	2.390994E-9
-3.600000E+2	2.390994E-9
-3.635333E+2	2.369837E-9
-3.674667E+2	2.355731E-9
-3.694667E+2	2.348679E-9
-3.740000E+2	2.362784E-9
-3.763333E+2	2.348679E-9
-3.782667E+2	2.369837E-9
-3.812000E+2	2.306363E-9
-3.844667E+2	2.327521E-9
-3.884000E+2	2.313416E-9
-3.923333E+2	2.327521E-9
-3.942667E+2	2.327521E-9
-3.972000E+2	2.292258E-9
-4.004667E+2	2.306363E-9
-4.040667E+2	2.306363E-9
-4.073333E+2	2.285206E-9
-4.112667E+2	2.285206E-9
-4.145333E+2	2.313416E-9
-4.181333E+2	2.271101E-9
-4.214000E+2	2.278153E-9
-4.253333E+2	2.235838E-9
-4.286000E+2	2.264048E-9
-4.312000E+2	2.271101E-9
-4.328000E+2	2.242891E-9
-4.357333E+2	2.221733E-9
-4.377333E+2	2.264048E-9
-4.410000E+2	2.256996E-9
-4.439333E+2	2.214680E-9
-4.475333E+2	2.214680E-9
-4.511333E+2	2.221733E-9
-4.540667E+2	2.214680E-9
-4.563333E+2	2.193523E-9
-4.582667E+2	2.214680E-9
-4.612667E+2	2.200575E-9
-4.638667E+2	2.193523E-9
-4.671333E+2	2.193523E-9
-4.707333E+2	2.193523E-9
-4.740000E+2	2.179417E-9
-4.776000E+2	2.165312E-9
-4.811333E+2	2.158260E-9
-4.850667E+2	2.172365E-9
-4.876667E+2	2.158260E-9
-4.896667E+2	2.158260E-9
-4.929333E+2	2.165312E-9
-4.962000E+2	2.151207E-9
-4.994667E+2	2.130050E-9
-5.024000E+2	2.130050E-9
-5.050000E+2	2.144155E-9
-5.076000E+2	2.130050E-9
-5.115333E+2	2.108892E-9
-5.154667E+2	2.101840E-9
-5.194000E+2	2.130050E-9
-5.213333E+2	2.087735E-9
-5.246000E+2	2.115945E-9
-5.285333E+2	2.094787E-9
-5.311333E+2	2.101840E-9
-5.344000E+2	2.094787E-9
-5.370000E+2	2.087734E-9
-5.393333E+2	2.087735E-9
-5.426000E+2	2.115945E-9
-5.458667E+2	2.115945E-9
-5.478000E+2	2.101840E-9
-5.497333E+2	2.087735E-9
-5.524000E+2	2.066577E-9
-5.553333E+2	2.080682E-9
-5.572667E+2	2.080682E-9
-5.615333E+2	2.073629E-9
-5.644667E+2	2.073629E-9
-5.674000E+2	2.066577E-9
-5.696667E+2	2.052472E-9
-5.716667E+2	2.066577E-9
-5.739333E+2	2.059524E-9
-5.772000E+2	2.073629E-9
-5.808000E+2	2.066577E-9
-5.840667E+2	2.080682E-9
-5.866667E+2	2.052472E-9
-5.902667E+2	2.073629E-9
-5.935333E+2	2.052472E-9
-5.971333E+2	2.045419E-9
-6.000667E+2	2.038366E-9
-6.026667E+2	2.066577E-9
-6.052667E+2	2.038366E-9
-6.079333E+2	2.052472E-9
-6.108667E+2	2.038366E-9
-6.138000E+2	2.059524E-9
-6.164000E+2	2.038366E-9
-6.203333E+2	2.052472E-9
-6.232667E+2	2.045419E-9
-6.262000E+2	2.017209E-9
-6.294667E+2	2.024261E-9
-6.314000E+2	2.017209E-9
-6.353333E+2	2.031314E-9
-6.382667E+2	2.017209E-9
-6.418667E+2	2.017209E-9
-6.442000E+2	2.010156E-9
-6.484000E+2	1.996051E-9
-6.507333E+2	2.024261E-9
-6.542667E+2	2.010156E-9
-6.572667E+2	2.017209E-9
-6.598667E+2	2.017209E-9
-6.634667E+2	2.003103E-9
-6.670667E+2	2.017209E-9
-6.709333E+2	1.996051E-9
-6.736000E+2	1.996051E-9
-6.768667E+2	2.003103E-9
-6.798000E+2	2.010156E-9
-6.824000E+2	2.003103E-9
-6.863333E+2	2.010156E-9
-6.892667E+2	2.003103E-9
-6.922000E+2	1.996051E-9
-6.948000E+2	1.988998E-9
-6.977333E+2	1.988998E-9
-7.003333E+2	1.988998E-9
-7.032667E+2	1.967840E-9
-7.056000E+2	2.010156E-9
-7.075333E+2	1.996051E-9
-7.104667E+2	1.988998E-9
-7.134000E+2	1.974893E-9
-7.166667E+2	2.010156E-9
-7.202667E+2	1.981946E-9
-7.242000E+2	1.981946E-9
-7.268000E+2	2.010156E-9
-7.288000E+2	1.974893E-9
-7.320667E+2	1.981946E-9
-7.353333E+2	1.974893E-9
-7.379333E+2	1.974893E-9
-7.408667E+2	2.003103E-9
-7.441333E+2	2.010156E-9
-7.480667E+2	1.996051E-9
-7.513333E+2	1.996051E-9
-7.539333E+2	1.967840E-9
-7.572000E+2	1.988998E-9
-7.598000E+2	1.960788E-9
-7.624000E+2	1.988998E-9
-7.663333E+2	1.974893E-9
-7.696000E+2	1.960788E-9
-7.718667E+2	1.974893E-9
-7.745333E+2	1.974893E-9
-7.781333E+2	1.981946E-9
-7.820000E+2	1.981946E-9
-7.859333E+2	1.974893E-9
-7.895333E+2	1.981946E-9
-7.921333E+2	2.024261E-9
-7.957333E+2	1.988998E-9
-7.986667E+2	1.967840E-9
-8.016000E+2	2.010156E-9
-8.042667E+2	1.967840E-9
-8.068667E+2	1.974893E-9
-8.101333E+2	1.996051E-9
-8.127333E+2	2.010156E-9
-8.156667E+2	1.988998E-9
-8.192667E+2	1.981946E-9
-8.218667E+2	1.988998E-9
-8.238667E+2	1.974893E-9
-8.271333E+2	1.974893E-9
-8.290667E+2	1.981946E-9
-8.326667E+2	1.974893E-9
-8.352667E+2	2.017209E-9
-8.378667E+2	1.988998E-9
-8.402000E+2	1.974893E-9
-8.431333E+2	1.981946E-9
-8.467333E+2	1.988998E-9
-8.496667E+2	1.967840E-9
-8.526000E+2	1.974893E-9
-8.558667E+2	1.988998E-9
-8.604000E+2	1.967840E-9
-8.624000E+2	1.981946E-9
-8.660000E+2	1.981946E-9
-8.686000E+2	1.967840E-9
-8.715333E+2	1.974893E-9
-8.751333E+2	1.974893E-9
-8.777333E+2	1.988998E-9
-8.803333E+2	1.988998E-9
-8.823333E+2	1.981946E-9
-8.852667E+2	1.988998E-9
-8.872000E+2	1.981946E-9
-8.908000E+2	1.960788E-9
-8.927333E+2	1.996051E-9
-8.957333E+2	1.988998E-9
-8.986667E+2	1.974893E-9
-9.025333E+2	1.996051E-9
-9.064667E+2	1.981946E-9
-9.090667E+2	2.003103E-9
-9.123333E+2	2.010156E-9
-9.143333E+2	2.003103E-9
-9.172667E+2	1.988998E-9
-9.205333E+2	1.996051E-9
-9.238000E+2	2.003103E-9
-9.270667E+2	2.010156E-9
-9.303333E+2	1.981946E-9
-9.336000E+2	1.967840E-9
-9.375333E+2	1.967840E-9
-9.394667E+2	1.988998E-9
-9.417333E+2	1.974893E-9
-9.447333E+2	1.953735E-9
-9.466667E+2	1.960788E-9
-9.492667E+2	1.946683E-9
-9.518667E+2	1.932578E-9
-9.554667E+2	1.939630E-9
-9.594000E+2	1.946683E-9
-9.620000E+2	1.925525E-9
-9.646000E+2	1.953735E-9
-9.672667E+2	1.974893E-9
-9.705333E+2	1.939630E-9
-9.728000E+2	1.953735E-9
-9.757333E+2	1.932578E-9
-9.783333E+2	1.960788E-9
-9.816000E+2	1.953735E-9
-9.845333E+2	1.953735E-9
-9.865333E+2	1.946683E-9
-9.891333E+2	1.960788E-9
-9.934000E+2	1.925525E-9
-9.963333E+2	1.953735E-9
-9.992667E+2	1.932578E-9
-1.001200E+3	1.946683E-9
-1.003800E+3	1.946683E-9
-1.006133E+3	1.946683E-9
-1.009067E+3	1.960788E-9
-1.011667E+3	1.960788E-9
-1.014267E+3	1.939630E-9
-1.017200E+3	1.939630E-9
-1.021133E+3	1.946683E-9
-1.024400E+3	1.932578E-9
-1.027333E+3	1.932578E-9
-1.030933E+3	1.925525E-9
-1.033200E+3	1.946683E-9
-1.036467E+3	1.953735E-9
-1.039467E+3	1.939630E-9
-1.043333E+3	1.946683E-9
-1.046267E+3	1.953735E-9
-1.049267E+3	1.932578E-9
-1.052800E+3	1.925525E-9
-1.055467E+3	1.932578E-9
-1.059067E+3	1.925525E-9
-1.062000E+3	1.918473E-9
-1.064933E+3	1.925525E-9
-1.067533E+3	1.932578E-9
-1.071133E+3	1.925525E-9
-1.075067E+3	1.925525E-9
-1.077667E+3	1.904368E-9
-1.081600E+3	1.939630E-9
-1.085467E+3	1.925525E-9
-1.089400E+3	1.911420E-9
-1.092667E+3	1.911420E-9
-1.095600E+3	1.918473E-9
-1.098533E+3	1.925525E-9
-1.100867E+3	1.925525E-9
-1.103800E+3	1.925525E-9
-1.106400E+3	1.918473E-9
-1.109667E+3	1.925525E-9
-1.113267E+3	1.918473E-9
-1.116200E+3	1.925525E-9
-1.120133E+3	1.925525E-9
-1.124067E+3	1.925525E-9
-1.126000E+3	1.932578E-9
-1.129267E+3	1.939630E-9
-1.131533E+3	1.939630E-9
-1.133867E+3	1.925525E-9
-1.137133E+3	1.925525E-9
-1.139400E+3	1.946683E-9
-1.142333E+3	1.904368E-9
-1.145600E+3	1.925525E-9
-1.148200E+3	1.946683E-9
-1.150800E+3	1.925525E-9
-1.154067E+3	1.939630E-9
-1.157333E+3	1.918473E-9
-1.159667E+3	1.925525E-9
-1.162933E+3	1.932578E-9
-1.166200E+3	1.904368E-9
-1.168800E+3	1.918473E-9
-1.172733E+3	1.925525E-9
-1.175667E+3	1.918473E-9
-1.178933E+3	1.918473E-9
-1.182867E+3	1.918473E-9
-1.187067E+3	1.932578E-9
-1.190333E+3	1.911420E-9
-1.193000E+3	1.918473E-9
-1.194933E+3	1.918473E-9
-1.197200E+3	1.904368E-9
-1.200133E+3	1.911420E-9
-1.202467E+3	1.911420E-9
-1.206667E+3	1.925525E-9
-1.210600E+3	1.925525E-9
-1.214200E+3	1.953735E-9
-1.216133E+3	1.939630E-9
-1.218133E+3	1.911420E-9
-1.220067E+3	1.918473E-9
-1.223333E+3	1.925525E-9
-1.226267E+3	1.939630E-9
-1.229200E+3	1.925525E-9
-1.232200E+3	1.939630E-9
-1.234800E+3	1.918473E-9
-1.237733E+3	1.911420E-9
-1.240667E+3	1.904368E-9
-1.244267E+3	1.918473E-9
-1.247200E+3	1.932578E-9
-1.249800E+3	1.904368E-9
-1.253733E+3	1.918473E-9
-1.256333E+3	1.918473E-9
-1.260267E+3	1.939630E-9
-1.263867E+3	1.925525E-9
-1.268400E+3	1.925525E-9
-1.271667E+3	1.918473E-9
-1.274333E+3	1.939630E-9
-1.277600E+3	1.925525E-9
-1.279867E+3	1.939630E-9
-1.283467E+3	1.925525E-9
-1.286067E+3	1.904368E-9
-1.289000E+3	1.918473E-9
-1.291267E+3	1.897315E-9
-1.294267E+3	1.932578E-9
-1.296867E+3	1.911420E-9
-1.299467E+3	1.911420E-9
-1.304067E+3	1.897315E-9
-1.307333E+3	1.904368E-9
-1.310267E+3	1.883210E-9
-1.313200E+3	1.897315E-9
-1.316133E+3	1.911420E-9
-1.318067E+3	1.904368E-9
-1.321667E+3	1.904367E-9
-1.324933E+3	1.897315E-9
-1.328200E+3	1.904368E-9
-1.331467E+3	1.904368E-9
-1.334400E+3	1.918473E-9
-1.337000E+3	1.890263E-9
-1.339333E+3	1.897315E-9
-1.341933E+3	1.883210E-9
-1.344533E+3	1.918473E-9
-1.346800E+3	1.911420E-9
-1.349467E+3	1.890263E-9
-1.353333E+3	1.904368E-9
-1.356933E+3	1.904368E-9
-1.359867E+3	1.904368E-9
-1.363133E+3	1.911420E-9
-1.367067E+3	1.883210E-9
-1.370000E+3	1.904368E-9
-1.372333E+3	1.918473E-9
-1.374267E+3	1.897315E-9
-1.377533E+3	1.904368E-9
-1.380467E+3	1.883210E-9
-1.383067E+3	1.925525E-9
-1.385067E+3	1.897315E-9
-1.388333E+3	1.904368E-9
-1.390267E+3	1.897315E-9
-1.394533E+3	1.876158E-9
-1.398133E+3	1.911420E-9
-1.399733E+3	1.911420E-9
-1.397467E+3	1.904368E-9
-1.395533E+3	1.897315E-9
-1.391600E+3	1.897315E-9
-1.388333E+3	1.911420E-9
-1.385400E+3	1.939630E-9
-1.383067E+3	1.911420E-9
-1.379200E+3	1.890263E-9
-1.375933E+3	1.911420E-9
-1.373600E+3	1.925525E-9
-1.371000E+3	1.925525E-9
-1.369067E+3	1.925525E-9
-1.366400E+3	1.904368E-9
-1.363133E+3	1.911420E-9
-1.360867E+3	1.918473E-9
-1.358933E+3	1.897315E-9
-1.356333E+3	1.911420E-9
-1.352733E+3	1.890263E-9
-1.348800E+3	1.918473E-9
-1.345867E+3	1.890263E-9
-1.342600E+3	1.918473E-9
-1.339000E+3	1.911420E-9
-1.335400E+3	1.904368E-9
-1.331800E+3	1.904368E-9
-1.329200E+3	1.897315E-9
-1.326933E+3	1.883210E-9
-1.322667E+3	1.897315E-9
-1.319400E+3	1.925525E-9
-1.315800E+3	1.904368E-9
-1.312200E+3	1.925525E-9
-1.309267E+3	1.890263E-9
-1.307000E+3	1.911420E-9
-1.302400E+3	1.904368E-9
-1.300467E+3	1.918473E-9
-1.297800E+3	1.918473E-9
-1.294267E+3	1.911420E-9
-1.291600E+3	1.918473E-9
-1.288333E+3	1.904368E-9
-1.284733E+3	1.897315E-9
-1.282467E+3	1.890263E-9
-1.279867E+3	1.904368E-9
-1.276267E+3	1.918473E-9
-1.274333E+3	1.890263E-9
-1.270400E+3	1.911420E-9
-1.266467E+3	1.918473E-9
-1.263867E+3	1.890263E-9
-1.261267E+3	1.904368E-9
-1.258000E+3	1.925525E-9
-1.256000E+3	1.897315E-9
-1.253067E+3	1.911420E-9
-1.250800E+3	1.904368E-9
-1.247867E+3	1.925525E-9
-1.245267E+3	1.918473E-9
-1.241667E+3	1.911420E-9
-1.237400E+3	1.911420E-9
-1.233467E+3	1.918473E-9
-1.229200E+3	1.904368E-9
-1.224667E+3	1.911420E-9
-1.221400E+3	1.911420E-9
-1.217467E+3	1.904368E-9
-1.214867E+3	1.911420E-9
-1.212867E+3	1.925525E-9
-1.210600E+3	1.897315E-9
-1.207667E+3	1.911420E-9
-1.204733E+3	1.911420E-9
-1.201800E+3	1.918473E-9
-1.198200E+3	1.918473E-9
-1.195600E+3	1.904368E-9
-1.193267E+3	1.911420E-9
-1.189733E+3	1.904368E-9
-1.187733E+3	1.918473E-9
-1.185133E+3	1.918473E-9
-1.182867E+3	1.939630E-9
-1.180867E+3	1.932578E-9
-1.178267E+3	1.911420E-9
-1.175667E+3	1.918473E-9
-1.173067E+3	1.925525E-9
-1.169800E+3	1.918473E-9
-1.166200E+3	1.918473E-9
-1.162933E+3	1.918473E-9
-1.160600E+3	1.911420E-9
-1.158333E+3	1.911420E-9
-1.156400E+3	1.911420E-9
-1.153467E+3	1.918473E-9
-1.150200E+3	1.904368E-9
-1.148200E+3	1.918473E-9
-1.145600E+3	1.911420E-9
-1.143000E+3	1.918473E-9
-1.140067E+3	1.925525E-9
-1.137467E+3	1.904368E-9
-1.134800E+3	1.932578E-9
-1.132533E+3	1.890263E-9
-1.129267E+3	1.932578E-9
-1.127000E+3	1.911420E-9
-1.124067E+3	1.925525E-9
-1.120467E+3	1.925525E-9
-1.117867E+3	1.932578E-9
-1.115867E+3	1.904368E-9
-1.111933E+3	1.925525E-9
-1.108667E+3	1.890263E-9
-1.106067E+3	1.925525E-9
-1.104133E+3	1.932578E-9
-1.100867E+3	1.925525E-9
-1.098267E+3	1.897315E-9
-1.095000E+3	1.918473E-9
-1.092000E+3	1.939630E-9
-1.089067E+3	1.911420E-9
-1.085200E+3	1.918473E-9
-1.082200E+3	1.918473E-9
-1.080267E+3	1.911420E-9
-1.077000E+3	1.911420E-9
-1.073733E+3	1.925525E-9
-1.070467E+3	1.911420E-9
-1.067200E+3	1.932578E-9
-1.064600E+3	1.918473E-9
-1.062000E+3	1.911420E-9
-1.059333E+3	1.932578E-9
-1.057400E+3	1.925525E-9
-1.054133E+3	1.939630E-9
-1.051867E+3	1.925525E-9
-1.048933E+3	1.925525E-9
-1.046000E+3	1.939630E-9
-1.042733E+3	1.911420E-9
-1.039733E+3	1.932578E-9
-1.037133E+3	1.918473E-9
-1.034200E+3	1.918473E-9
-1.030600E+3	1.918473E-9
-1.028000E+3	1.918473E-9
-1.025400E+3	1.911420E-9
-1.022467E+3	1.932578E-9
-1.018867E+3	1.925525E-9
-1.015933E+3	1.918473E-9
-1.013933E+3	1.918473E-9
-1.010667E+3	1.925525E-9
-1.008400E+3	1.932578E-9
-1.006467E+3	1.932578E-9
-1.004133E+3	1.946683E-9
-1.000867E+3	1.925525E-9
-9.979333E+2	1.939630E-9
-9.946667E+2	1.918473E-9
-9.907333E+2	1.939630E-9
-9.862000E+2	1.925525E-9
-9.842000E+2	1.925525E-9
-9.816000E+2	1.939630E-9
-9.786667E+2	1.946683E-9
-9.747333E+2	1.925525E-9
-9.721333E+2	1.918473E-9
-9.698667E+2	1.939630E-9
-9.666000E+2	1.925525E-9
-9.630000E+2	1.904368E-9
-9.607333E+2	1.946683E-9
-9.571333E+2	1.932578E-9
-9.535333E+2	1.939630E-9
-9.502667E+2	1.953735E-9
-9.470000E+2	1.946683E-9
-9.447333E+2	1.911420E-9
-9.411333E+2	1.939630E-9
-9.375333E+2	1.925525E-9
-9.346000E+2	1.932578E-9
-9.306667E+2	1.932578E-9
-9.280667E+2	1.932578E-9
-9.248000E+2	1.925525E-9
-9.215333E+2	1.946683E-9
-9.179333E+2	1.939630E-9
-9.153333E+2	1.939630E-9
-9.130000E+2	1.960788E-9
-9.100667E+2	1.946683E-9
-9.068000E+2	1.939630E-9
-9.035333E+2	1.939630E-9
-9.006000E+2	1.918473E-9
-8.970000E+2	1.953735E-9
-8.937333E+2	1.925525E-9
-8.911333E+2	1.953735E-9
-8.882000E+2	1.953735E-9
-8.856000E+2	1.967840E-9
-8.829333E+2	1.946683E-9
-8.803333E+2	1.918473E-9
-8.767333E+2	1.932578E-9
-8.731333E+2	1.946683E-9
-8.698667E+2	1.925525E-9
-8.669333E+2	1.932578E-9
-8.643333E+2	1.953735E-9
-8.610667E+2	1.932578E-9
-8.584667E+2	1.967841E-9
-8.558667E+2	1.967840E-9
-8.535333E+2	1.953735E-9
-8.509333E+2	1.918473E-9
-8.483333E+2	1.960788E-9
-8.444000E+2	1.946683E-9
-8.418000E+2	1.967840E-9
-8.382000E+2	1.960788E-9
-8.349333E+2	1.974893E-9
-8.326667E+2	1.953735E-9
-8.304000E+2	1.967840E-9
-8.280667E+2	1.946683E-9
-8.248000E+2	1.946683E-9
-8.215333E+2	1.960788E-9
-8.176000E+2	1.953735E-9
-8.153333E+2	1.946683E-9
-8.120667E+2	1.925525E-9
-8.094667E+2	1.953735E-9
-8.052000E+2	1.939630E-9
-8.019333E+2	1.996051E-9
-7.996667E+2	1.953735E-9
-7.970667E+2	1.967840E-9
-7.941333E+2	1.953735E-9
-7.908667E+2	1.960788E-9
-7.876000E+2	1.960788E-9
-7.856000E+2	1.974893E-9
-7.820000E+2	1.953735E-9
-7.781333E+2	1.981946E-9
-7.758000E+2	1.988998E-9
-7.722000E+2	1.960788E-9
-7.686000E+2	1.981946E-9
-7.653333E+2	1.988998E-9
-7.618000E+2	1.981946E-9
-7.585333E+2	1.974893E-9
-7.562000E+2	1.996051E-9
-7.542667E+2	1.988998E-9
-7.520000E+2	1.988998E-9
-7.484000E+2	1.996051E-9
-7.460667E+2	2.003103E-9
-7.424667E+2	1.974893E-9
-7.402000E+2	1.996051E-9
-7.372667E+2	1.996051E-9
-7.333333E+2	1.981946E-9
-7.304000E+2	1.996051E-9
-7.271333E+2	2.003103E-9
-7.245333E+2	2.052472E-9
-7.212667E+2	2.017209E-9
-7.176667E+2	2.010156E-9
-7.144000E+2	2.017209E-9
-7.108000E+2	2.017209E-9
-7.085333E+2	2.024261E-9
-7.052667E+2	2.017209E-9
-7.013333E+2	2.031314E-9
-6.970667E+2	2.017209E-9
-6.944667E+2	2.017209E-9
-6.908667E+2	2.017209E-9
-6.879333E+2	2.024261E-9
-6.850000E+2	2.038366E-9
-6.820667E+2	2.003103E-9
-6.788000E+2	2.038366E-9
-6.752000E+2	2.031314E-9
-6.719333E+2	2.045419E-9
-6.690000E+2	2.045419E-9
-6.660667E+2	2.038366E-9
-6.640667E+2	2.045419E-9
-6.611333E+2	2.045419E-9
-6.585333E+2	2.066577E-9
-6.559333E+2	2.045419E-9
-6.530000E+2	2.045419E-9
-6.504000E+2	2.087735E-9
-6.474667E+2	2.066577E-9
-6.448000E+2	2.052472E-9
-6.409333E+2	2.066577E-9
-6.376667E+2	2.073629E-9
-6.346667E+2	2.087735E-9
-6.317333E+2	2.108892E-9
-6.284667E+2	2.080682E-9
-6.258667E+2	2.108892E-9
-6.226000E+2	2.115945E-9
-6.190000E+2	2.108892E-9
-6.150667E+2	2.115945E-9
-6.118000E+2	2.108892E-9
-6.088667E+2	2.130050E-9
-6.062667E+2	2.122997E-9
-6.043333E+2	2.137102E-9
-6.020000E+2	2.115945E-9
-5.987333E+2	2.122997E-9
-5.952000E+2	2.137102E-9
-5.916000E+2	2.158260E-9
-5.883333E+2	2.158260E-9
-5.854000E+2	2.144155E-9
-5.814667E+2	2.151207E-9
-5.782000E+2	2.165312E-9
-5.752667E+2	2.165312E-9
-5.729333E+2	2.179417E-9
-5.703333E+2	2.165312E-9
-5.680667E+2	2.186470E-9
-5.641333E+2	2.172365E-9
-5.612000E+2	2.193523E-9
-5.582667E+2	2.186470E-9
-5.550000E+2	2.207628E-9
-5.520667E+2	2.214680E-9
-5.500667E+2	2.193523E-9
-5.464667E+2	2.214680E-9
-5.432000E+2	2.207628E-9
-5.402667E+2	2.214680E-9
-5.366667E+2	2.214680E-9
-5.340667E+2	2.200575E-9
-5.318000E+2	2.221733E-9
-5.282000E+2	2.235838E-9
-5.246000E+2	2.242891E-9
-5.216667E+2	2.256996E-9
-5.190667E+2	2.235838E-9
-5.164667E+2	2.256996E-9
-5.135333E+2	2.249943E-9
-5.112000E+2	2.235838E-9
-5.076000E+2	2.264048E-9
-5.050000E+2	2.249943E-9
-5.024000E+2	2.292258E-9
-4.984667E+2	2.278153E-9
-4.948667E+2	2.285206E-9
-4.912667E+2	2.264048E-9
-4.893333E+2	2.292258E-9
-4.860667E+2	2.285206E-9
-4.834667E+2	2.285206E-9
-4.811333E+2	2.299311E-9
-4.772667E+2	2.292258E-9
-4.740000E+2	2.306363E-9
-4.707333E+2	2.306363E-9
-4.687333E+2	2.334574E-9
-4.664667E+2	2.334574E-9
-4.628667E+2	2.348679E-9
-4.609333E+2	2.355731E-9
-4.576667E+2	2.362784E-9
-4.544000E+2	2.355731E-9
-4.511333E+2	2.348679E-9
-4.472000E+2	2.327521E-9
-4.442667E+2	2.348679E-9
-4.413333E+2	2.355731E-9
-4.377333E+2	2.362784E-9
-4.341333E+2	2.369837E-9
-4.308667E+2	2.398047E-9
-4.279333E+2	2.398047E-9
-4.250000E+2	2.398047E-9
-4.220667E+2	2.390994E-9
-4.181333E+2	2.405100E-9
-4.158000E+2	2.419205E-9
-4.138667E+2	2.440363E-9
-4.102667E+2	2.405100E-9
-4.076667E+2	2.419205E-9
-4.054000E+2	2.433310E-9
-4.014667E+2	2.447415E-9
-3.978667E+2	2.433310E-9
-3.942667E+2	2.489730E-9
-3.906667E+2	2.475625E-9
-3.867333E+2	2.454468E-9
-3.838000E+2	2.482678E-9
-3.805333E+2	2.482678E-9
-3.766000E+2	2.475625E-9
-3.743333E+2	2.482678E-9
-3.720667E+2	2.468573E-9
-3.688000E+2	2.475625E-9
-3.668000E+2	2.496783E-9
-3.632667E+2	2.503835E-9
-3.593333E+2	2.461520E-9
-3.557333E+2	2.496783E-9
-3.534667E+2	2.489730E-9
-3.502000E+2	2.510888E-9
-3.472000E+2	2.546151E-9
-3.442667E+2	2.532045E-9
-3.413333E+2	2.532045E-9
-3.394000E+2	2.553203E-9
-3.361333E+2	2.532045E-9
-3.338667E+2	2.524993E-9
-3.308667E+2	2.546151E-9
-3.276000E+2	2.532045E-9
-3.237333E+2	2.553203E-9
-3.210667E+2	2.546151E-9
-3.188000E+2	2.560256E-9
-3.165333E+2	2.574361E-9
-3.136000E+2	2.567308E-9
-3.110000E+2	2.581414E-9
-3.086667E+2	2.588466E-9
-3.050667E+2	2.581414E-9
-3.021333E+2	2.595519E-9
-2.992000E+2	2.595519E-9
-2.972667E+2	2.609624E-9
-2.940000E+2	2.581414E-9
-2.914000E+2	2.602571E-9
-2.874667E+2	2.581414E-9
-2.842000E+2	2.609624E-9
-2.802667E+2	2.609624E-9
-2.773333E+2	2.630782E-9
-2.747333E+2	2.616677E-9
-2.727333E+2	2.637834E-9
-2.694667E+2	2.630782E-9
-2.662000E+2	2.630782E-9
-2.639333E+2	2.637834E-9
-2.596667E+2	2.630782E-9
-2.574000E+2	2.623729E-9
-2.541333E+2	2.644887E-9
-2.502000E+2	2.630782E-9
-2.472667E+2	2.658992E-9
-2.450000E+2	2.673097E-9
-2.430000E+2	2.651940E-9
-2.394000E+2	2.658992E-9
-2.358667E+2	2.658992E-9
-2.338667E+2	2.673097E-9
-2.306000E+2	2.651940E-9
-2.273333E+2	2.651940E-9
-2.237333E+2	2.651940E-9
-2.204667E+2	2.666045E-9
-2.165333E+2	2.666045E-9
-2.139333E+2	2.673097E-9
-2.103333E+2	2.658992E-9
-2.074000E+2	2.687202E-9
-2.051333E+2	2.687202E-9
-2.015333E+2	2.701307E-9
-1.972667E+2	2.666045E-9
-1.936667E+2	2.715412E-9
-1.901333E+2	2.701307E-9
-1.862000E+2	2.658992E-9
-1.829333E+2	2.687202E-9
-1.796667E+2	2.708360E-9
-1.760667E+2	2.666045E-9
-1.721333E+2	2.658992E-9
-1.688667E+2	2.687202E-9
-1.646000E+2	2.694255E-9
-1.623333E+2	2.673097E-9
-1.594000E+2	2.680150E-9
-1.561333E+2	2.680150E-9
-1.525333E+2	2.694255E-9
-1.502667E+2	2.680150E-9
-1.479333E+2	2.687202E-9
-1.450000E+2	2.715412E-9
-1.417333E+2	2.701307E-9
-1.384667E+2	2.680150E-9
-1.346000E+2	2.680150E-9
-1.310000E+2	2.687202E-9
-1.280667E+2	2.680150E-9
-1.250667E+2	2.687202E-9
-1.221333E+2	2.694255E-9
-1.195333E+2	2.694255E-9
-1.162667E+2	2.687202E-9
-1.136667E+2	2.680150E-9
-1.107333E+2	2.666045E-9
-1.078000E+2	2.694255E-9
-1.042000E+2	2.673097E-9
-1.006000E+2	2.694255E-9
-9.733333E+1	2.658992E-9
-9.506667E+1	2.666045E-9
-9.273333E+1	2.687202E-9
-8.886667E+1	2.658992E-9
-8.526667E+1	2.658992E-9
-8.166667E+1	2.658992E-9
-7.906667E+1	2.680150E-9
-7.706667E+1	2.644887E-9
-7.480000E+1	2.680150E-9
-7.220000E+1	2.637834E-9
-6.926667E+1	2.651940E-9
-6.693333E+1	2.651940E-9
-6.500000E+1	2.666045E-9
-6.173333E+1	2.644887E-9
-5.973333E+1	2.644887E-9
-5.680000E+1	2.658992E-9
-5.486667E+1	2.644887E-9
-5.193333E+1	2.630782E-9
-4.833333E+1	2.651940E-9
-4.540000E+1	2.616677E-9
-4.113333E+1	2.651940E-9
-3.920000E+1	2.644887E-9
-3.526667E+1	2.616677E-9
-3.133333E+1	2.602571E-9
-2.940000E+1	2.616677E-9
-2.706667E+1	2.616677E-9
-2.413333E+1	2.595519E-9
-2.053333E+1	2.595519E-9
-1.760000E+1	2.588466E-9
-1.500000E+1	2.595519E-9
-1.173333E+1	2.595519E-9
-9.800000E+0	2.567308E-9
-6.866667E+0	2.595519E-9
-4.533333E+0	2.588466E-9
-1.266667E+0	2.595519E-9
6.666667E-1	2.595519E-9
2.600000E+0	2.546151E-9
4.933333E+0	2.567308E-9
7.533333E+0	2.560256E-9
1.180000E+1	2.546151E-9
1.506667E+1	2.574361E-9
1.800000E+1	2.560256E-9
2.026667E+1	2.546151E-9
2.286667E+1	2.553203E-9
2.646667E+1	2.560256E-9
2.846667E+1	2.532045E-9
3.106667E+1	2.532045E-9
3.433333E+1	2.524993E-9
3.826667E+1	2.517940E-9
4.086667E+1	2.517940E-9
4.446667E+1	2.503835E-9
4.706667E+1	2.503835E-9
5.000000E+1	2.510888E-9
5.360000E+1	2.496783E-9
5.686667E+1	2.482678E-9
5.913333E+1	2.475625E-9
6.206667E+1	2.475625E-9
6.406667E+1	2.482678E-9
6.733333E+1	2.454468E-9
6.960000E+1	2.433310E-9
7.186667E+1	2.461520E-9
7.546667E+1	2.447415E-9
7.940000E+1	2.433310E-9
8.266667E+1	2.454468E-9
8.626667E+1	2.433310E-9
8.886667E+1	2.454468E-9
9.180000E+1	2.461520E-9
9.540000E+1	2.440363E-9
9.866667E+1	2.433310E-9
1.012667E+2	2.419205E-9
1.038667E+2	2.419205E-9
1.058667E+2	2.419205E-9
1.088000E+2	2.398047E-9
1.124000E+2	2.405100E-9
1.160000E+2	2.376889E-9
1.189333E+2	2.405100E-9
1.208667E+2	2.355731E-9
1.234667E+2	2.369837E-9
1.267333E+2	2.362784E-9
1.303333E+2	2.355731E-9
1.346000E+2	2.355731E-9
1.372000E+2	2.369837E-9
1.408000E+2	2.341626E-9
1.430667E+2	2.341626E-9
1.463333E+2	2.327521E-9
1.490000E+2	2.341626E-9
1.519333E+2	2.327521E-9
1.542000E+2	2.327521E-9
1.564667E+2	2.292258E-9
1.584667E+2	2.313416E-9
1.607333E+2	2.292258E-9
1.636667E+2	2.299311E-9
1.669333E+2	2.320468E-9
1.705333E+2	2.278154E-9
1.748000E+2	2.264048E-9
1.770667E+2	2.271101E-9
1.796667E+2	2.285206E-9
1.822667E+2	2.292258E-9
1.849333E+2	2.278153E-9
1.882000E+2	2.264048E-9
1.914667E+2	2.264048E-9
1.947333E+2	2.264048E-9
1.983333E+2	2.242891E-9
2.006000E+2	2.256996E-9
2.042000E+2	2.242891E-9
2.058000E+2	2.235838E-9
2.084000E+2	2.228786E-9
2.110667E+2	2.221733E-9
2.133333E+2	2.228786E-9
2.162667E+2	2.207628E-9
2.182000E+2	2.221733E-9
2.214667E+2	2.207628E-9
2.244667E+2	2.207628E-9
2.274000E+2	2.165312E-9
2.306667E+2	2.193523E-9
2.332667E+2	2.193523E-9
2.355333E+2	2.193523E-9
2.384667E+2	2.186470E-9
2.408000E+2	2.186470E-9
2.437333E+2	2.186470E-9
2.476000E+2	2.179418E-9
2.502667E+2	2.193523E-9
2.532000E+2	2.172365E-9
2.561333E+2	2.179417E-9
2.590667E+2	2.165312E-9
2.613333E+2	2.165312E-9
2.630000E+2	2.144155E-9
2.662667E+2	2.158260E-9
2.695333E+2	2.144155E-9
2.728000E+2	2.144155E-9
2.754000E+2	2.165312E-9
2.776667E+2	2.165312E-9
2.812667E+2	2.130050E-9
2.835333E+2	2.101840E-9
2.858667E+2	2.158260E-9
2.891333E+2	2.137102E-9
2.917333E+2	2.130050E-9
2.940000E+2	2.115945E-9
2.963333E+2	2.094787E-9
2.992667E+2	2.122997E-9
3.028667E+2	2.115945E-9
3.061333E+2	2.108892E-9
3.094000E+2	2.087735E-9
3.129333E+2	2.073629E-9
3.149333E+2	2.073629E-9
3.172000E+2	2.115945E-9
3.198000E+2	2.073629E-9
3.218000E+2	2.122997E-9
3.247333E+2	2.080682E-9
3.286667E+2	2.094787E-9
3.306000E+2	2.073629E-9
3.338667E+2	2.080682E-9
3.371333E+2	2.059524E-9
3.404000E+2	2.066577E-9
3.426667E+2	2.073629E-9
3.453333E+2	2.094787E-9
3.482667E+2	2.038366E-9
3.512000E+2	2.038366E-9
3.544667E+2	2.052472E-9
3.577333E+2	2.052472E-9
3.596667E+2	2.031314E-9
3.619333E+2	2.052472E-9
3.642667E+2	2.045419E-9
3.668667E+2	2.087735E-9
3.708000E+2	2.059524E-9
3.747333E+2	2.024261E-9
3.782667E+2	2.024261E-9
3.802667E+2	2.031314E-9
3.838667E+2	2.010156E-9
3.871333E+2	2.024261E-9
3.900667E+2	2.052472E-9
3.933333E+2	2.024261E-9
3.959333E+2	2.031314E-9
3.988667E+2	2.024261E-9
4.018000E+2	2.031314E-9
4.060667E+2	2.024261E-9
4.090000E+2	2.017209E-9
4.109333E+2	2.003103E-9
4.139333E+2	2.017209E-9
4.172000E+2	2.038366E-9
4.210667E+2	2.010156E-9
4.243333E+2	2.024261E-9
4.266667E+2	2.024261E-9
4.305333E+2	2.031314E-9
4.344667E+2	2.003103E-9
4.377333E+2	2.010156E-9
4.406667E+2	2.010156E-9
4.442667E+2	2.017209E-9
4.472000E+2	1.981946E-9
4.498667E+2	1.996051E-9
4.528000E+2	1.996051E-9
4.550667E+2	2.003103E-9
4.586667E+2	1.996051E-9
4.619333E+2	1.981946E-9
4.645333E+2	1.996051E-9
4.671333E+2	1.960788E-9
4.700667E+2	1.981946E-9
4.724000E+2	1.988998E-9
4.746667E+2	1.988998E-9
4.776000E+2	1.981946E-9
4.815333E+2	1.967841E-9
4.834667E+2	1.974893E-9
4.864000E+2	1.946683E-9
4.896667E+2	1.967840E-9
4.932667E+2	1.988998E-9
4.956000E+2	1.996051E-9
4.978667E+2	1.960788E-9
5.011333E+2	1.953735E-9
5.037333E+2	1.967840E-9
5.056667E+2	1.974893E-9
5.076667E+2	1.967841E-9
5.119333E+2	1.932578E-9
5.138667E+2	1.960788E-9
5.164667E+2	1.946683E-9
5.194000E+2	1.960788E-9
5.223333E+2	1.946683E-9
5.250000E+2	1.967840E-9
5.272667E+2	1.953736E-9
5.302000E+2	1.946683E-9
5.324667E+2	1.946683E-9
5.348000E+2	1.953735E-9
5.374000E+2	1.939630E-9
5.406667E+2	1.939630E-9
5.432667E+2	1.939630E-9
5.455333E+2	1.946683E-9
5.488000E+2	1.918473E-9
5.520667E+2	1.932578E-9
5.556667E+2	1.918473E-9
5.582667E+2	1.918473E-9
5.615333E+2	1.939630E-9
5.651333E+2	1.932578E-9
5.690667E+2	1.932578E-9
5.710000E+2	1.939630E-9
5.756000E+2	1.911420E-9
5.782000E+2	1.890263E-9
5.811333E+2	1.946683E-9
5.847333E+2	1.911420E-9
5.873333E+2	1.932578E-9
5.890000E+2	1.911420E-9
5.929333E+2	1.925525E-9
5.965333E+2	1.918473E-9
5.998000E+2	1.946683E-9
6.020667E+2	1.911420E-9
6.043333E+2	1.939630E-9
6.069333E+2	1.939630E-9
6.092667E+2	1.918473E-9
6.118667E+2	1.932578E-9
6.144667E+2	1.925525E-9
6.184000E+2	1.911420E-9
6.210000E+2	1.932578E-9
6.242667E+2	1.953735E-9
6.275333E+2	1.918473E-9
6.301333E+2	1.946683E-9
6.328000E+2	1.918473E-9
6.350667E+2	1.918473E-9
6.376667E+2	1.918473E-9
6.406000E+2	1.918473E-9
6.438667E+2	1.925525E-9
6.468000E+2	1.925525E-9
6.507333E+2	1.904368E-9
6.540000E+2	1.932578E-9
6.566000E+2	1.918473E-9
6.605333E+2	1.911420E-9
6.634667E+2	1.932578E-9
6.667333E+2	1.911420E-9
6.703333E+2	1.911420E-9
6.722667E+2	1.911420E-9
6.752667E+2	1.904368E-9
6.782000E+2	1.925525E-9
6.818000E+2	1.911420E-9
6.844000E+2	1.890263E-9
6.876667E+2	1.904368E-9
6.899333E+2	1.904368E-9
6.918667E+2	1.897315E-9
6.951333E+2	1.904368E-9
6.974667E+2	1.890263E-9
7.007333E+2	1.911420E-9
7.046667E+2	1.904368E-9
7.066000E+2	1.925525E-9
7.105333E+2	1.890263E-9
7.138000E+2	1.904368E-9
7.167333E+2	1.897315E-9
7.190000E+2	1.897315E-9
7.210000E+2	1.890263E-9
7.245333E+2	1.911420E-9
7.272000E+2	1.911420E-9
7.308000E+2	1.911420E-9
7.334000E+2	1.890262E-9
7.366667E+2	1.897315E-9
7.399333E+2	1.876158E-9
7.425333E+2	1.897315E-9
7.461333E+2	1.897315E-9
7.487333E+2	1.904368E-9
7.513333E+2	1.904368E-9
7.536667E+2	1.890263E-9
7.575333E+2	1.897315E-9
7.604667E+2	1.897315E-9
7.640667E+2	1.869105E-9
7.676667E+2	1.904368E-9
7.700000E+2	1.897315E-9
7.729333E+2	1.918473E-9
7.762000E+2	1.897315E-9
7.804000E+2	1.876158E-9
7.827333E+2	1.890263E-9
7.860000E+2	1.890263E-9
7.886000E+2	1.883210E-9
7.912000E+2	1.876158E-9
7.948000E+2	1.890263E-9
7.984000E+2	1.904368E-9
8.013333E+2	1.876158E-9
8.042667E+2	1.869105E-9
8.078667E+2	1.869105E-9
8.101333E+2	1.862052E-9
8.127333E+2	1.890263E-9
8.154000E+2	1.847947E-9
8.183333E+2	1.869105E-9
8.212667E+2	1.855000E-9
8.238667E+2	1.869105E-9
8.278000E+2	1.862052E-9
8.310667E+2	1.862052E-9
8.343333E+2	1.897315E-9
8.362667E+2	1.890263E-9
8.398667E+2	1.869105E-9
8.424667E+2	1.883210E-9
8.448000E+2	1.876158E-9
8.477333E+2	1.862052E-9
8.516667E+2	1.862052E-9
8.542667E+2	1.883210E-9
8.578667E+2	1.847947E-9
8.608000E+2	1.869105E-9
8.644000E+2	1.869105E-9
8.670000E+2	1.876158E-9
8.702667E+2	1.840895E-9
8.722000E+2	1.862052E-9
8.764667E+2	1.862052E-9
8.797333E+2	1.876158E-9
8.816667E+2	1.869105E-9
8.849333E+2	1.876158E-9
8.876000E+2	1.869105E-9
8.895333E+2	1.862052E-9
8.934667E+2	1.876158E-9
8.954000E+2	1.869105E-9
8.983333E+2	1.876158E-9
9.019333E+2	1.876158E-9
9.058667E+2	1.862052E-9
9.081333E+2	1.862052E-9
9.104667E+2	1.890263E-9
9.130667E+2	1.869105E-9
9.172667E+2	1.833842E-9
9.202667E+2	1.840895E-9
9.228667E+2	1.862052E-9
9.244667E+2	1.862052E-9
9.277333E+2	1.876158E-9
9.310000E+2	1.911420E-9
9.330000E+2	1.869105E-9
9.349333E+2	1.869105E-9
9.388667E+2	1.897315E-9
9.411333E+2	1.869105E-9
9.440667E+2	1.869105E-9
9.480000E+2	1.876158E-9
9.502667E+2	1.855000E-9
9.522667E+2	1.883210E-9
9.558667E+2	1.855000E-9
9.588000E+2	1.862052E-9
9.620667E+2	1.890263E-9
9.653333E+2	1.847947E-9
9.689333E+2	1.869105E-9
9.728000E+2	1.855000E-9
9.767333E+2	1.862052E-9
9.800000E+2	1.847947E-9
9.829333E+2	1.869105E-9
9.862000E+2	1.862052E-9
9.898000E+2	1.869105E-9
9.924000E+2	1.862052E-9
9.950667E+2	1.883210E-9
9.983333E+2	1.876158E-9
1.000600E+3	1.855000E-9
1.002533E+3	1.862052E-9
1.005467E+3	1.862052E-9
1.008133E+3	1.855000E-9
1.011400E+3	1.883210E-9
1.015000E+3	1.855000E-9
1.018533E+3	1.855000E-9
1.021200E+3	1.840895E-9
1.024467E+3	1.855000E-9
1.027067E+3	1.840895E-9
1.030000E+3	1.855000E-9
1.033267E+3	1.862052E-9
1.036867E+3	1.847947E-9
1.039467E+3	1.862052E-9
1.043067E+3	1.847947E-9
1.045000E+3	1.847947E-9
1.047667E+3	1.833842E-9
1.050600E+3	1.840895E-9
1.052533E+3	1.855000E-9
1.055133E+3	1.855000E-9
1.058067E+3	1.876158E-9
1.062000E+3	1.855000E-9
1.064267E+3	1.855000E-9
1.066600E+3	1.862052E-9
1.068867E+3	1.847947E-9
1.070800E+3	1.862052E-9
1.073133E+3	1.833842E-9
1.075400E+3	1.869105E-9
1.079667E+3	1.869105E-9
1.081600E+3	1.869105E-9
1.084867E+3	1.855000E-9
1.088467E+3	1.862052E-9
1.091733E+3	1.862052E-9
1.095333E+3	1.869105E-9
1.098267E+3	1.847947E-9
1.101533E+3	1.869105E-9
1.103800E+3	1.833842E-9
1.106467E+3	1.847947E-9
1.109400E+3	1.862052E-9
1.112000E+3	1.847947E-9
1.115600E+3	1.855000E-9
1.118200E+3	1.847947E-9
1.120133E+3	1.855000E-9
1.124067E+3	1.840895E-9
1.127667E+3	1.855000E-9
1.130933E+3	1.855000E-9
1.133533E+3	1.869105E-9
1.137133E+3	1.862052E-9
1.139400E+3	1.855000E-9
1.142067E+3	1.847947E-9
1.144000E+3	1.855000E-9
1.147267E+3	1.840895E-9
1.150200E+3	1.855000E-9
1.152200E+3	1.840895E-9
1.155133E+3	1.855000E-9
1.158400E+3	1.847947E-9
1.162267E+3	1.847947E-9
1.164267E+3	1.869105E-9
1.167533E+3	1.855000E-9
1.170467E+3	1.869105E-9
1.173733E+3	1.855000E-9
1.177333E+3	1.847947E-9
1.181267E+3	1.855000E-9
1.183867E+3	1.840895E-9
1.186800E+3	1.847947E-9
1.190400E+3	1.862052E-9
1.194667E+3	1.862052E-9
1.197933E+3	1.883210E-9
1.200533E+3	1.855000E-9
1.203800E+3	1.847947E-9
1.207733E+3	1.847947E-9
1.210333E+3	1.847947E-9
1.213933E+3	1.862052E-9
1.218133E+3	1.847947E-9
1.221067E+3	1.840895E-9
1.224333E+3	1.840895E-9
1.226667E+3	1.840895E-9
1.228933E+3	1.826789E-9
1.230867E+3	1.855000E-9
1.232867E+3	1.847947E-9
1.235800E+3	1.840895E-9
1.239067E+3	1.855000E-9
1.243000E+3	1.819737E-9
1.245933E+3	1.847947E-9
1.248200E+3	1.847947E-9
1.250467E+3	1.855000E-9
1.252467E+3	1.847947E-9
1.255733E+3	1.847947E-9
1.258667E+3	1.840895E-9
1.261933E+3	1.833842E-9
1.264200E+3	1.855000E-9
1.266533E+3	1.855000E-9
1.268800E+3	1.847947E-9
1.272400E+3	1.847947E-9
1.275667E+3	1.840895E-9
1.278933E+3	1.840895E-9
1.282533E+3	1.855000E-9
1.286400E+3	1.847947E-9
1.289067E+3	1.847947E-9
1.292333E+3	1.862052E-9
1.295600E+3	1.855000E-9
1.298867E+3	1.855000E-9
1.301800E+3	1.855000E-9
1.305067E+3	1.847947E-9
1.308333E+3	1.847947E-9
1.311600E+3	1.847947E-9
1.315200E+3	1.847947E-9
1.319067E+3	1.855000E-9
1.322667E+3	1.847947E-9
1.325933E+3	1.862052E-9
1.328867E+3	1.833842E-9
1.331867E+3	1.855000E-9
1.335733E+3	1.833842E-9
1.338067E+3	1.855000E-9
1.341000E+3	1.869105E-9
1.343933E+3	1.855000E-9
1.347200E+3	1.847947E-9
1.350467E+3	1.862052E-9
1.353067E+3	1.869105E-9
1.356000E+3	1.847947E-9
1.359267E+3	1.833842E-9
1.362200E+3	1.869105E-9
1.365467E+3	1.826789E-9
1.368067E+3	1.847947E-9
1.370733E+3	1.883210E-9
1.372667E+3	1.855000E-9
1.375933E+3	1.869105E-9
1.379200E+3	1.862052E-9
1.383133E+3	1.862052E-9
1.386400E+3	1.847947E-9
1.389000E+3	1.840895E-9
1.392600E+3	1.847947E-9
1.395200E+3	1.876158E-9
1.398467E+3	1.862052E-9
